3083760543
1355579813289930758
3078159273
72302392
1329094970112937984
3917261477
139396242
1296508193657495552
2468043644
1364697703209447425
587432713
2426125644
1364662309633802240
1328001273321418754
1364568139548229635
1354880619394732032
503516848
1364496131892379648
1187360843954053120
1364333508546723848
780114145
1324426485273427968
1142179276302835719
845767023586086912
1364315456476237824
1364307332361027596
1364294918496260096
1364260147414126602
1246513608005214209
1347973708728721410
942528695218122752
1364229347050213377
435768029
1407123246
438730839
84071317
1214723667629764609
1363810399729115137
1363496255628972035
1382715066
1363982776710672385
432760465
1196878458397302790
1363956233607274496
1297212787438092290
1238528268581601280
1290358544391450627
129000149
3034834636
1258040711716507653
1353176260302745607
1301763641679769600
1363480043306037254
1363812871768068096
1363796921148715013
1363799090925043712
2354449646
1028018745472688128
1363761840946360322
1324821894584061952
1379005928
2291367069
596762208
1050705849730158593
1363642796712878085
1362391624173555714
1174111224461692929
1347945607806246912
1445893080
1228415935993786368
1362855031888822273
48394264
1363527020194447365
1363525382553665536
1280119956538109953
124557522
948128682224308224
223241188
1324783813369712640
1348674590998978563
1363427025906774023
1363454397372653570
35278445
1362877611341414401
31058557
2801529319
2178643862
351083767
557714258
1363217881568280577
1235762290231840768
141720329
1067881099420987395
1363187830000934912
1927771231
29711137
2550864349
1362830576798101509
26667326
1363054319243833345
1357054433784389636
1229135868260212736
2541038927
1363073947428921349
1281370315726217217
1238715899714121728
1362901303417004034
1362889759434153989
1362095924424679427
216305703
1002432956084912128
377590012
1328560943828267011
107542707
1282263729040756736
1057601664083992577
1357789578724335618
31246300
2580326604
1362790684873359364
90269599
27722642
1349707475478568961
938163113790189569
1360499842804559872
1565780678
2781599699
870181538352201729
935163975976747010
2376760786
770916374524858369
1361374608214081538
1008870420
2339745723
1320890686267400193
1362542998999941122
1362519537124532231
1362473096888860672
795158145609900033
87954053
1230369840982118400
1246513952642797569
929994224933761024
1281858376864018432
1362432162478379013
1362384712065572867
1362006073784360961
1362357946433363969
1362338809548050432
1362325707377045506
1362288733140246529
1250985248621461505
1041676671391133697
1362161102268858377
1362151138120892417
1166670918963404800
1362132242659745795
1005751042942922752
27314433
1362083652197302277
49599489
1228214065
1302772043541340163
1352574849525415937
1362022506404708352
1261035422110679050
952232833
449276824
1361828194739970049
1075019975763611649
1106646047189856257
1361780718184071168
1330166042144989187
1361771808442245120
1175121340279525378
1360745986944073728
1348019724198797314
1361675807098368000
1322981399880736771
708817798789595136
276504884
18979562
2789794699
1361660032115433475
1349031523316621323
789814561
1361589084603510790
1349590854
443074027
1361348775000887297
1344802697619365891
1357247708554223616
274469794
517589381
1170702462778519552
1361369861100875778
1214610827250143232
1361322455189618696
1357616110816923649
1077358814947692545
