885427128703082497
1000503711330791424
1364669872022695947
2216781705
2468043644
1364697703209447425
1329062761482117121
1364662309633802240
727101025
1872416527
1364583470173982720
1341815052496642049
1116725577845702656
1336986084107030534
942528695218122752
1364496131892379648
93661323
291229566
1360262915845193734
750665296319508480
1343888269
1364365227173830657
1142179276302835719
7878682
1364315456476237824
4535132801
1364294918496260096
1218607376489689088
1220621573159149569
1347973708728721410
1364229347050213377
1212092356561756160
365142954
2179719054
1364191344353300481
486730451
75308096
1109949878304759810
1363982776710672385
1341295143085879297
1280618788849774592
1356710390323949570
1297212787438092290
944468234895593472
1363922575051673600
870482965
1363905906434572297
1018505690535596033
1363297596828221442
890638661922041857
1291815959607549952
1359458302174846979
1157551921974132736
1353176260302745607
1301763641679769600
800592782
1363799090925043712
1354458900473458690
556096143
1028018745472688128
1050705849730158593
1195326954859384832
2171344455
1184896344252702721
1347945607806246912
1286748402458517507
510327953
1362855031888822273
1363548034253148160
1127686513
1325557488226328579
511676335
432760465
2178643862
1298091326513152000
1361675172177182721
1235762290231840768
322054420
1058190601
234359794
1343108783950737408
27737329
1359836075376705542
1363073947428921349
368593003
1238715899714121728
1362938235509501953
143916677
1362830576798101509
1475879544
216305703
597971354
1352900586769936384
1343500261982089216
1329940330997805056
2580326604
1362786644089331722
90269599
24488771
1360499842804559872
1362698417995194371
870181538352201729
771032450424311808
1075488963496943617
1320890686267400193
1306696832211451904
1362519537124532231
1362473096888860672
373863744
1230369840982118400
1362006073784360961
1362384712065572867
211523281
1362338809548050432
1362288733140246529
1362161102268858377
30097577
745597742240641024
49599489
1228214065
1362036736486965249
1362022506404708352
1202355979289079810
14472772
1075019975763611649
1169003997874794497
1361780718184071168
1335602558539354115
2531799731
1348019724198797314
1361612147797721093
708817798789595136
1361695599918202882
2789794699
385361442
1309457602930237441
1361405234208268292
1357247708554223616
1361399412401004550
1331946840888139777
934259779
1073185323264471040
1239210610816167937
2670233424
1357288963652861954
969122384858009600
1361082442304618496
1361040997061435394
1347235767018524673
2465164274
855733942460305410
1361002362425516034
1001073174354780161
1360988929487499269
1083964484
1229109517918646273
1360932454463385602
1068581017831772163
21843587
1118904392126816261
1188497982817210368
1360656215613857795
534573285
1325141878887518209
1360619909185691648
237933616
1145717888755609600
1140731427627163649
1360551197619462145
553512942
499023110
1086072285407203328
1356829361027112968
1359554372917743617
4445839397
1360350090230181889
1360119101880950785
1081494680246935552
1346722159088050177
1360249008233537542
479555067
1121147503498412034
1282377316270825472
1348652360172756994
1202693623902547971
1359933386131988481
1359926200219676673
1252665439081107457
71884001
2188290457
1030942070498881538
27015665
29879001
1359834018703884290
1357294792242249734
1347962071267340288
3076705175
1359107805257555969
1359765339848998912
1355872101962403846
1268118529729073158
1007932505310326784
798440907196481536
1324178287
34234696
1299233076329947136
1356579281661485056
92724321
1359456027796725764
1359481535435538434
1359283915740106752
414184598
729308249737048064
14798989
4855751776
1357689434519592960
2939329815
1265191191085297664
1359039398164242434
2958761362
1358826665032486918
106402325
1358846295637712901
1148577311790419969
1294951906176118786
1358693314069938181
1336850324380930049
1342922663728209921
2978014610
1358553911850844160
14289765
784797226556071936
1358495513478324224
51396153
1358455713320820736
1064338423069184000
2565607142
57592947
1150142437676978176
1354470846128136192
1356470653508083712
1356555481033007105
754007292144676864
1358194367446601729
3413575306
1234241384812511234
1511616164
1358096921425047552
739180805474385920
375291555
1357992296998985728
857191480808570880
1358002133199634437
1357924195297079297
213250775
1280609870237007879
938705354
974725344
43133613
1357660805043523584
1125148250133102592
898217599716253698
1347834449229197312
815220976392830976
1353445378989821952
863633306
1190362802193649665
1357404701835337738
1357344329950326793
1357294645814964228
1357288990248943617
138154628
505132358
1282032936968167425
1352263513906049025
1357066768016150531
1356333280233201665
1357058139686907905
1357054433784389636
258965903
14069171
1165705160041082880
1206956004950388742
1177829220761907200
1353465840583106560
1356988145724755978
1356192423920234496
1355441908772909059
729704781204344832
1285749609927778310
1457862662
1356858499628687362
26511537
1356705248627286034
1212711088841609218
1286392265506803715
1356568962067218436
1239966756795539457
1220230152560488448
1356508695354634242
71101366
1275445149586333697
1356215750768340993
1235669585703170048
989463378
2804477915
390678487
1337053689744330758
1256730122314530816
1137542162311196672
1355885281275228164
35338458
1355970421250781191
465078902
1355911021060354049
1355854431682781186
961502586674319361
1842690991
950319565501816832
33659846
1355618026335449088
842664961180684288
478427758
1265498142667128832
1355703805359370245
1254767458310746118
733595016732413952
967566506849652736
1355544835017605125
1353672868874366978
1355500501522124802
1349067622776778755
1352642048734724106
1355484189408288772
22466100
1230480102170988545
1186303406
1112767685853671426
1350359965001797632
125613185
1355413740179619841
1347730847865122817
887368596
1238041699412303872
1355279401290764288
33915506
1355270177986916359
950389765
1067374157053214720
1355213829353959425
1352204029426872321
1355190580935094274
1354686468736880642
1118214900407513088
1333698242756943872
1017910182888792065
1355108410514165761
1355109168802357251
3261883329
1355044757572083712
16526849
1310921923753320448
1354808153490120706
307752452
1333993813837230082
749924920025645056
23496732
1352016819100524545
1027988761290919937
1354772527638323202
1354769327824760834
917545860203982850
128501825
1348425358958358528
1353664003894083585
1354085046039293953
521292218
1353823626869530627
1346904308269391880
1352871315104030724
1353712663445069824
947927713804890113
1145703299972259842
759196015710928897
1148635263960326144
1337667408027217921
882104763818627072
492307127
30919482
1354288867474616320
1070305823551819779
340601104
1340792097578889217
1354138485389750272
3197923426
370769022
1350426076456099842
618052441
906185057685078016
1085104797722791936
1353811322253803520
1251989569467187202
1353785820008878085
3408497729
1353730196071972865
1352977610893099008
1486934942
1353683652891312129
1353624153312657409
1353612662777765888
1252258994946793473
1353592545587163136
1349602924176044033
1262510033285283840
1353483598763085825
1353426727838621697
1353445257569042432
1351643690582814721
1349709555345756165
288406568
254450880
1337495544994951169
1346973567586430977
1353335409762312193
1353341394044248066
1081251622389469185
1353332887937015810
1212125387297157120
1070694153548431361
522400405
626469569
1348055494401921025
60881944
1353034630769893383
1353009333089554434
1383890976
1334615633191972866
1338971873443508224
1352960528130449408
2607201472
1470454975
1089460222094123009
766066458006810624
1352911441385451521
1352865898135252992
3126808498
1318989571670028288
1325205330981056517
1352698127225155585
1352678987257020418
1351574535200514050
1352513217629724674
407879326
1215223075471548416
30861191
1053006792
3907019152
1904165299
705012192899371008
1265525870111993858
215044244
282360265
141485687
343394225
1352391244996087809
1275527873152126977
738194076
1352363768618110977
1352362253530632194
1352332285673144320
1352340163041652736
1449811910
3423763019
3880284263
1157732866438160386
1351155699829583877
1311423232260669444
1352226194645807106
1352186027293765635
1352184135465512961
2770904519
1351957584530599937
767641248480030721
1292036105165049863
1351161253608235019
3003545213
1023053633645109253
1319987002608095232
1352009375980912644
1151896038699163651
1352002608689516545
78840483
303952513
1351979095094136834
1351979204879986690
1351945412014448642
1351965993883545602
1351962165348020225
1668336720
1351956232102416393
1351953531603968001
1328838921942339588
1346450969073217536
516815297
1351955739431075840
1351945876126707713
1351936902769881088
1351933197437837314
1351920273470140420
386554261
300477394
1347256376079380489
2853761805
778754706197782528
42263786
274107624
1351671787910811651
1351655768643297281
19153045
1344605162988597249
302150897
364327040
54835011
381387621
963949666516848640
1348270969140498433
1173072510
1351245965014036482
1351283094268096515
425662850
1264144505172877312
941188970628730880
110660765
871398796051312640
716350571482112000
934484143290966017
1351095476314124290
1350923167607508993
1246109378589032449
408662605
1351009532923813899
1853823378
1344737121769316359
1350933504058601472
1350921629975662594
1349794616166543371
2569516659
873519415
1350792730591580161
1266286057500241921
219244172
1348702984549638144
1193128737593843714
1350448732043681794
1330637604170194945
586862153
427506585
775084458743562240
901368137173671936
1350210474923667456
1350202040656551938
1349186272552775683
42264840
3424733368
819539254896365568
715571862588272640
1350056879465095177
1144519938603978754
1349958416761049089
512542833
1349997558203117568
1336748027042795521
1696826671
1346506400252518400
1349895593871732739
851536379368673280
1293959115316899840
1349832324649725952
1349806120970448900
280926639
1345555997474091013
1349707475478568961
987698092521787392
341127623
1034754162834243584
1346010507241779201
30678170
899425889108320258
1258062928777023491
1349463786013470721
35168835
1267206592228929541
814572939253350400
1326860924486103042
326343938
781456585
546232435
1345491320807288833
116195772
1347616215263563777
631353737
1349227905050619904
2896704166
1349176257397850112
932605033614585856
2912593894
1349059489018880000
1342872476414595073
1010161912938713088
1348956314320445440
1348995620036608001
29466885
1348017597623762946
1196491325237059584
868594087
2387387761
2807300973
341509990
1348888217353904128
1348687541407526912
142246688
395839776
1348734077722128384
1348733426149552128
1100754792664698882
1348723077929197570
1347909074285961219
1348702474417401860
56380020
1348657486736338946
437676188
1000101208672145413
1348594423467302915
1339702888344526848
1348566311840919553
34358574
1346947679947956224
1347268854377046017
1347864584502308866
1133808332458926080
1348281740796833792
1348241745717448704
1347967228470325250
2967442469
54004168
1263813247112753152
1348197301186134016
2389309784
1337266154453299200
82011891
70405345
1288128145237790724
1348068940082245634
1011778051468873729
26557725
1348007388188700680
1347997966271991808
2494064390
2976110733
1347991221189419015
1325135567894548481
27005588
1347970970389258240
1347969566966747136
1347968559041961984
1347959642610130953
4883952964
140852008
1308810439934070785
1347945576214704132
1347933813234688001
1347922856752119813
714712450436829184
3347459873
1347860641089007616
1347031072706617344
1347793921028595712
815323563142090753
1347691787578699776
107403333
1347682893448019975
1346901399871889413
4106187628
1347511452526129154
1347549525423108098
1042531454
23745898
1347599389301354497
32473059
1474396332
1347511316144123910
1063884792217985025
1306889880690216960
1347314129938374660
1347295592523984898
28141471
1346914592899952641
1346940098017898500
1119495825258946562
1347271561972219909
1347263430407954433
1056065223419924481
1347224794220138498
1347221237580394496
1347220563421495297
1347210530872844288
1318284316774903809
45364138
1347186334012731392
1086307929836408832
1347179812968927232
174332655
873622630263345155
1347094098470203397
1339339513982840836
1343990558348505089
1136263218689642497
58413706
426109208
1333715688976953344
1347103556365676545
1346302042919342080
1383174865
1347079392783183873
1346959388079247373
845623586
1044307480644395008
1067573476184256512
1346978790145220613
3089711374
940949630
1346959614181584899
1335898446142836737
1346952317921337344
14557760
2580804703
3399757851
1346936749608595458
1346939703807897602
36164915
1346943052577964035
1346939134192005123
1346940231078047744
22931488
1346934757381312520
398992614
1346937187166789633
1346919379246542852
1346935302967992332
1346935780191526912
39029183
1346933282655637511
953266545236545537
22347387
1346930969018650628
1346931984795373568
1677640484
1255513283559395334
214893786
1346915983525556226
354279611
1346924292928364554
1346923713409769478
1346923056481136641
1346924803538776065
1346921833090732033
1346921924522352642
1346919745816293376
813304316081672192
311391949
1346917231612071943
756221684940730368
1346901863728377858
887742641965871116
484578549
1338589623606505475
1346753419927834624
2796259379
1346525205578063873
14508555
1315968947523596291
1325135147105054720
1346527968978477058
1344976638308708355
3027163901
883538028626661380
832607711489642496
45136652
32473149
1299469165741342721
1011994412
1223966867930435586
250708453
956566715575472128
1319001731620024321
1345836520536727553
70949075
1327309665928175617
1241254137083412480
1320371438642147328
1343598819259404290
2246289545
35206091
32997553
1324809067047636992
1345252889510486018
1343130316198846467
635694761
877505073374515200
1345000041799417857
1241082883026169857
214477857
2834062228
3163686962
1166893318023864327
2732653044
17243721
1272568367505948673
396846606
934846192919502851
39295320
119722825
773280710203432965
1005525991945621505
2723308582
1343935284967301120
1049675490146099200
1343694146511527936
1974471498
1160463967111852033
1343535271053242373
2185179080
1343302026709630986
1256046188366888961
1048891168241700864
167810009
1335604188064206849
1343079810004885511
51137168
939244551230906369
1080487326873210881
1342653237711790085
2282453770
1342476511782330369
947950256410460165
1341901938712072195
1341789186135887872
835195177031593984
1324783813369712640
1282410028830515205
943572162186764288
394977323
1327313733295763457
14282524
1284589242916708352
1341146909063454728
67278972
1325177974639849478
1332796669927297024
1341065398540787715
1341000151503089665
1340657144874622977
26800130
1070747973636759552
1245104767971491844
933823463877496833
1214122100681633794
1340766241083023362
1340763615398424579
910135999279353857
411442756
3356449469
1340703473780854785
1337134759768698886
1252292208285360128
901490568060174336
1340539116296015872
2860842286
1340257796315631616
1250153149073182721
1048270881124958209
2780837036
949841788172464130
1131567815557898240
1338613835230535688
1339311209464598529
1174932660428214272
53082821
1330291142567604231
702797993339195392
1339733930363277313
1339710269312946177
721765338782818304
1339508945271091200
50678689
1337349404416745472
1339467937158184960
99708447
1339335509919862784
1339315787211939840
1339270217806000130
1325030236858298369
1338601634348326912
1296040178180554754
1339121711372001281
1338989918933180421
1283451086024646656
1165321082259353603
1338956651131506688
194869672
1338925068747988994
1311026516285886465
816374872846712832
1934485416
1338877437078368256
1338155293046435844
2157177769
2167583872
2511812550
2781715796
1338626180111605760
838346983026921472
1274698459954786304
1338622720695799814
61550645
1338512100340215809
1313925153575890945
1338474089464344577
1334654351806230528
1338453398807597057
21120849
1271821734417596416
1338387050521911296
1338344879429197824
1338299125096476674
1337894860452454404
2606186131
312502716
2386757790
1338138347370409984
941388744183242753
1338023687761649665
426090841
1173590990851960832
1318828757378125824
1394118853
1337789926725853188
1337790261854937090
1337788996492152832
1337748857250336768
1324277649682931718
1288223855488708608
1172629822218080257
1337714657327525889
1337704182476845057
498922658
1337577540895076352
1325963476230045696
1337544975538663425
1294248670993547264
1337521942698610691
2969419671
1065269850073747457
1333673407985147910
799693481639710720
1337107671288307712
1337081826335223809
1171368006
1337008670908018689
161468223
1336956794699177985
1333708832208510977
1191253045071564800
863176093
1970669262
1125786281043210240
1336646033313566720
878117994467086340
1336620741614301187
1313775971296849921
1205654574205460481
1032410214027354112
1336539674500878348
931318448319291392
61828285
1074930032
1274461527190515712
1193997921764675584
1284019390900580355
2897239289
1318339244046372869
2177543188
450316596
1336297363984543751
1277857797611442176
1335937171925200932
1279749292543086592
1324625090458374147
1336112776855625730
1162877618896723968
873029837224525825
1335907198170443776
1335874543756382211
1707669258
1404613250
1323829752550035458
2218339727
1335715477977509888
898992169779945472
1331119338313674755
1335569248404582400
1335386432039432193
1329740797659504641
1335352594936586242
1334052169742508032
1335319532962000904
1335303275357278208
938082012216340481
1276937656820260864
1922659778
1334946649416880130
1293622383660740613
166280355
1334866240007966721
1425602959
1262409055341105154
16812392
1080156611954597888
1333550549443162116
1337309990
889625083
1334533162509209602
807883983421865984
1334244754360557574
1334400837041475584
1324404639949852673
1334377651365163009
947877419389800448
1129492380242128897
1334253292478672897
1320397702111395841
2324244964
772864798170152960
1165962440695263234
741976783952695297
1333888062460485632
394290886
1333861772743340032
238193493
1333856782691786758
1123617311187963906
262849614
2733223407
1333811443993636864
1325170711158116352
1267376449813721088
1910325235
1333705734891204610
1221196925170569216
22570250
137488418
1321785115652009984
1333049298922196992
1077912359941931008
97041366
88001109
15034076
1312316843152019457
990679960984739842
1333211121298382850
995404866
1677000822
1333066646563524611
1253022427761840131
1239857042384453632
1325044029269094400
549916326
63556896
67833359
1331700087219695618
1277305787099029506
471142962
1222166665804369920
7025962
3124888791
502015363
927172130214694912
1207215859619512320
1332082209503784960
1332056350491283458
173656874
1320673870463062018
1186299117426958336
900706862928207873
11365432
1078772368875630592
469638829
3763675575
1331691538049609739
421828480
1148589260628529153
1330207462935441408
1331558779104714752
1196461306712383490
1318573629504999429
1331257915534159880
925649227908354048
1330799931515424769
1216489949450637312
1331003801327775749
1146407579523964928
866102430
1330980048556466183
125943095
2500429191
7475062
1327622776337932290
1330892617903726593
1326826122345127936
1243153587292815360
1301805148038221824
1329794334
1330782192876855296
1330694048038973445
1315766607034155014
1320993925994217472
1326929570344394752
1038851079834927110
2941127361
1330566502064529408
1330559219146383367
900020667722215425
755843862480814081
1330461093689503749
808763900758028289
1301104553652350977
57287673
1321535382140407808
1329933047475671044
1330190857740447744
1068991671826817024
2863360466
271036442
594900317
1249080436388704262
1068994016363143169
17486550
1330005199163973632
1216894973280444417
2987079827
3920938342
1329797804483612672
896147424821084160
14606990
1309548919421054978
1329854181046411270
557825168
1183468142305202182
1245051612747497481
987334723
3873668207
1329710583034355713
1329686250727596033
1260976087040835585
1329575356471402497
741947831611691008
887628437657190400
1329510901314150400
1043057922
3387593643
1329476357290602498
1050077644459528192
459216816
248673535
1035167611968004096
1329356151868305409
1144204580068253696
1329243048014991362
3342214096
950831527193137152
1257792300043960323
1178573194648854528
2148903784
1329181269381537792
567786318
999876747393822722
1263086040144842752
2721314405
1329071878477025280
1329005792448696320
1328163008355438596
1329024471546654722
1561979304
556670638
1130202969604018178
1328808407227375616
1328781888111120392
1328781629800714246
1274259525563006978
1324277297789239296
1159122653501898753
962325919
1195359969450835973
1325164968912719879
1315015004425519110
1315323383605755905
962528530834903040
44261627
1328535955305877504
561056629
1328497409253642240
1263837437983408133
260678175
1325114889753518082
711287483020001280
2679426332
996084888985096194
1319107736773283841
4142895087
920657291145285632
1328282646405926913
1328267530587295744
1325759003356520449
1321274631022612485
1326641897960517633
210206672
180120990
1328035177927479297
1281302570737307648
58554071
475393896
1327982983341608966
1327985575681519617
1327968169332498432
1327695028576264194
2984766547
1327914024286244864
1320444901545398272
1231104552587399168
888532661962235906
1148368153283612672
1327776666916155395
515646095
1327768799483994114
1917798516
1327722166977253377
1327717083073875968
1327669416042094596
1327668393462390784
1029113319775457280
3101619167
1322079358153035776
2779921017
773099576039473152
1327554136351649793
971883633698066432
1327421480657883138
874309354945736704
1327363610700550146
819516737678954496
1327349481927532545
2269308555
402201060
1149386346185875456
1325158316901720066
1327326996335046657
1327317018283028480
1160666406230351874
3226813930
70752138
1074155804
1230807463919747072
1305613832560148480
1327157344736862211
15341030
1326971221666385921
1327141617527107586
126650543
2291821925
471527321
1470739297
1109102594612477955
1100159123193241600
1313102964240850945
1322989479737626624
2707172909
1326963861795332099
633728179
1326946069683576833
1237298180934557697
1268218787951775748
1326919325559754753
1326908815707693056
1324992154352148481
1189262055037116417
90475762
1326822583266922497
1323685772747247622
1326688444517658625
1289605775833300993
1356353845
953350927632732160
1324439034073124864
1325199230508544001
1326477553641644033
1287045775281868800
1325126973262356480
1325454708274835463
3306909293
2354399727
901961073074610177
1326231236734496768
1318649842298703873
227457192
66651109
328056337
825588783311642624
2231520057
97180996
1154489860390080512
1257624531713298433
93897488
911673782410113024
1325895167006691335
244646590
80954924
1325105952761278466
1324250704668745733
1280813522616815619
1325791984473284609
1325143926278402050
20979972
1325177169086193664
1098357444063965185
3241661415
1325554452779110403
1325482410180546561
1325131747474935808
367204110
2994094818
1325247482058711041
1325442144216166407
1324717034513584128
14325584
1325404675554897921
1325119861601816589
923523630155403264
1180133547115532288
893769940402098176
1325347630558404609
1841400464
2409662293
1224959882664796160
1143592263475499008
1325257614754713601
881498278092824576
1325222718506229761
1325231458739425282
1325223005694418945
883412264312877056
1325206688811642880
30901935
586680883
1325158697061019648
1325194470464184320
1325178137915789315
1033055437
1736512662
1325169336160407554
1100375826292461568
1325147372142227458
1043240999642980353
1325126416455901184
2901452434
105304442
436778436
1492069687
1325133119968567298
272852184
1325124996415418374
725655902
860039577943363584
3917946809
59488402
134203390
2455399872
1039476931215781889
953128091924054016
388222347
1083123187049811969
1324791760632139776
2727175346
1324660644092780546
223907705
253530316
1324456726112948224
1053108241
1324504528037830657
56130915
1324361824951742464
1217178842567258112
1324261281159925760
462910216
1323879582399909889
1314319883224702982
1179685620
1324442542604255234
267334310
36470650
378044517
93162897
150619311
1324355065260449792
1323399350417063936
1281078070435368960
3231871829
1324155778161381381
1324139871288594437
1127030407076163584
1182546360681279488
87147637
1234247591463923713
1324064118962331649
792966994387697664
1324019953926897665
858763081031311362
1200474629401436160
1324004964700725253
1324006189877940224
812640918541074434
1026900098448588801
1323964308204752897
1323907713496190976
1322459204775456768
788073680152715266
1323780599522463744
160259674
1003274979058835456
1323940332896161792
815223035716194304
1323845290370211840
878754900229971969
1120429425064120321
1251591099803729920
1104186071816916992
814958157717979136
1323798675051761665
795943957
3157879146
1323735930461630464
1126007393949835264
1061277487894880257
1281275635856478209
38663930
1323667750443778052
849657616880062464
1313930006297489409
1323523729486479360
888933315432128512
813863896721268736
1160973667775537160
2781766452
1310880943507410945
1281972999437066240
1323016651026108416
1322997029975588865
1213431548013244416
18344042
380280198
1290002276698984449
27738856
706608788074266624
871730290531737603
1306337073893462019
21741719
2841131651
1320763463409520640
1286026676816814083
1282650020421009408
26199102
928309261209341953
1322311900294762496
1322102179130474497
1318645292309401604
1112705815729844228
1298139860377767936
327391044
905380201537953792
31404404
1241217433
1321797192546504707
1321767176496418817
1290335753709522952
1046800877590384641
1317095371018063873
1321359296379166721
715280082613379072
1299191449939054594
1309592754150871041
968967770
1321162186807533570
604517965
1321058225639358469
1221296055226159105
815601809440079876
1889562733
776105533933776896
2837602707
929203776
171004885
1242587203882147840
2971624654
851784170
729044071856144385
1320216659177672707
1056787745320910849
1320017559857565699
1319974086274109440
1017788809021394944
1319939093183291392
1319757152202952704
2725020430
804037478
1319715619122647041
57064417
109210189
2549767543
2212580829
258436752
1021156146818764800
1214857549385740289
1285303837167947777
1201470150626742273
1078657196790071297
828300380186480645
1319350090990059520
1319294862110248966
1319316433675890694
1307632853920907265
1319306740752670721
1319304923205537794
1319296027396980738
1220749365100281856
919866611141611522
221209664
1083439044124729349
1319047108507348992
1319040972773330945
29014145
961647492709470208
954233843854249984
26989391
1318976969766219785
1318956214294818817
1045380739162943488
1313850998339837953
1065990099891077120
923980158868049920
839914303755071488
83831809
1005735161437261824
2955598551
1318595408113827840
1318605730958725120
1318562422823813121
1150622690
919645205707526144
1318526732178231296
1318522525278785537
1318472107202838529
1318483256468295680
1239114335202545665
1318432419586990080
1318289337872797700
317866656
61565654
1312751274392199169
1312018365851066375
1192782411043659776
614430555
1268341025237581826
1318166480874278912
1318188301719883777
968871966777249792
631471719
1318116433746853888
48685332
1318106636708360193
1214805895407964160
837913386675490817
1317949124336037894
1316174401201737729
1286745994055626752
399595975
1312819269332279296
1317885779830505472
1317858973526200320
3089920956
984741302851039232
39995246
1317595367685427200
1317562553292214273
1261761315074433025
2310138135
62011367
391573698
1215260626559406080
1131216549103251456
1317481355127697409
1831109293
1317374214865883136
1317207189375811594
741850425196941312
1317197719883186176
1317046333266710528
1168798994904035328
2269433298
2831874630
950983506695507969
1316719322467835904
1316657373570883584
1054709714607583232
1161341709600657408
977467499947134976
492929102
1316495263498895361
135462851
2941544871
1316424110986219523
1306192423035559939
1316321501336014853
38392006
1316289968164286464
1316262741066289152
1175121340279525378
1315276698498338818
28067479
1316120919807492097
1316106832608460801
1316082904032849922
1316070296433176576
1316064240743182337
1316052020906930178
1058956969
1316032567167127552
155319582
1315960922029076480
1315953968531615744
1284990700208164865
1315945471777673218
3026704277
1315738655785394176
1315700109477400576
259216078
1315693535925022720
1315635490230611971
38016612
1297475876255342593
1315487001957859329
1315480252588666883
1265733894567071748
1315396091756584961
367302518
3167575715
1019680486833172480
1315268046848774145
1266866127545798657
825305173
1267768056589234177
1314555231670337536
843928293866921988
1124690716620460036
71557230
1315034721496305665
341589941
1314932375751659521
1314931796258283521
1193639248013987842
1308147897146511360
1314900893859565568
1314595788417310725
1314870584191389696
1314841134133383168
1148175883527708672
1314679751638953984
894604457475964928
1314673407976501249
1314619039096987651
1314550355217260546
1261738155079761922
1310013382955859969
796661966
1314481088463593472
1174767521460883457
1181897337372839936
1259140896253259778
1314457001875906561
1312421545281818628
744739010266955776
897710130
194240073
962054494837075968
939620613467049987
1314313510659260428
1314294207775899654
1314292272729595910
2720043105
1245011728896753665
2294415041
791776796
1314227790548471810
1314227972363169792
1314216547611815938
1118505800979316737
3031407838
1151434951
3435202173
1314174517904900096
1314162811329802246
1314155782577979392
116014104
886201654391033857
1267412390137733121
1314110966926315520
1313995099295158279
1313958171053109248
1313919949711257602
1256974338965803011
712372719
1283181642576732161
717417303621689344
1313795268064817152
1306957674794430469
131906210
364494753
91322357
1313725287788670978
1313622729988411393
1637957156
1313548962482335744
1182420780577103872
258269139
1313512650018611201
914965670990839814
1313474329007534080
3130241921
171073559
1290914712566337538
1181840582169288704
1178835059488501766
557942381
974763948506525697
116405786
1308281045918404608
50973652
1311924518034853889
1313205695689490434
1313183111841226752
1313145792870461440
26550867
258026952
171142171
1527797384
464859787
3988550663
1547910248
864515407
3947463328
1312863193426006021
60856625
84104616
1312831222377320453
1515291354
775153740
1312776517643055105
1200834364222914562
1301095886139854848
1312692254197387264
1312642153642942465
949419865336700929
1312487640038608899
1302599882583273472
1312460916752093184
1311967240875659265
1310533649385820161
823985347872821248
1312297843298885633
1312298900007661568
1312296240349147141
1300448248977649666
1179600179051274240
858398100
880142584944918528
1221117289384370176
1023857188278812673
1280155249056059398
31791663
976500002062299136
1312012551182524417
1311996855639777280
887286695514824704
165167558
1311944892860575750
772806248798584832
1311932865156984833
3172149106
1311911413573660672
1311897230610255873
1311775119715561475
898424585896329216
1309479047878127618
1311615585760038914
1306093617799462912
554555041
1309459346921848833
1311618490160295936
810453453197688832
1263149342745034753
1000144345964646401
1383650898
1309160550010621952
1311424212079390720
755135427003244544
1311413064026259457
1288517707609104384
1311379686501617665
470900091
431778974
1311353708295458820
1311339715413585920
1311336649956229120
1311308179695964160
1311301559872036873
1311277252408213506
1310897014885044224
1311231859079229440
1311228693386272768
1311212509265887232
1311188366424240128
1311138751553437698
1311113423753809920
1311067542501425157
30845817
1293799500130193408
279915212
1310999821109559297
721361545947705344
1279473036366938118
1310985715799515142
1310903840024207361
268866971
20424329
2990491198
1310588623381827584
1266862965824917506
36098799
372120200
2862734318
375639548
1077744445
2447988223
112810673
1243575710452723713
1303424765106049024
1291624080622473216
1302750950512308225
1310148171448942594
1310140866464489472
1310130908272496646
1310128552667422722
1310117634088857601
344902188
1310102290444021761
1310015215128453126
534219572
1307401925588123654
1309893532111507463
147351533
1215365992701943809
1309828816085364747
1146103783296065536
1309793194876579840
1132704158098837506
547852912
471112574
1008960337
1309530867514122240
1309519069436051457
1296005970049597440
6996932
1309164801084588040
851174001690935296
1309044921903521794
1260625565809348608
1246415996
207493115
1308661047574908928
2426569115
1308724786877673473
1308724443028566016
337335991
1308666313754243072
88377266
1273935674274611200
1136286872420982788
1350428816
1308430485044039682
1209641280222969861
1308354922778329088
773074597054930944
4122501154
1308292028695040000
36678662
1594422014
1308139879864430592
1123904822036529153
714533786839609344
928158661465264128
1307987001912811522
1307953188881027073
345893118
1307776677309800449
1307705280302645250
1220763579676266497
1307647197446631424
1307621517493235712
1307608915555897346
3655036757
1307421002922708999
1307407838646620162
1119091695193210881
536747023
1307011682066214919
31123701
1306998501646229508
1091781964561031169
974018310886055937
887191326873223169
1260648515191083008
1306897586645762054
1277504396360847360
1306856774083973120
1087575559327096832
1306593394974625801
977121400090607617
1306607821149134850
146365775
1306334445989957632
1306104158097997826
74537639
1306215981803614213
40563300
464568399
1306129057487163392
2660726708
1306060658987986944
545528750
1305843366282887169
1305799591519019008
1305774624811241472
1305762535791042560
1278759519280148481
1305730812130865153
1305615665022341121
1305562162002374656
249838755
1232605364241281025
45018504
1305391132034166785
813340363284942848
762446580184035328
1305149861956923393
1305100695662669824
1301598757419651079
780084102280208384
2294266685
1305056161067081729
20843718
1304871122891141120
28953604
1304782632232906753
1292623546619920387
1304481675150340098
885201195895336962
1031576627904425985
867709882627239936
16903035
1221262100607184897
944048623
563738214
241272614
410312145
1304399501122326531
771780096243933184
1304328444881317888
1304304150524592128
1304155014223495169
1302203412969390080
1304131939532713986
1304109097265045504
1289563530421731329
1304017499961393152
1304008607969746944
2466596618
1303992907574185984
1303953706795368449
2261083000
1303816111734038529
3222616203
1299470835976212487
73936068
1303763213042024448
235624819
1190408205840605186
2308321426
1303668607688343553
1298853242525437956
1303652399668699136
1098187615432523776
1303648592452878336
1303647996379385857
1303648061885947904
1303647824098271232
1303648197076824064
1303628824123498496
1276583952086687748
1636454118
1303573315211194369
3023556418
1302991978859241473
1303395536272330752
1303321263423791104
1221441516092239873
1302481473895829504
1303181278766944257
1303080590909091840
1142898794482323456
1303015859724726272
1303015450763239425
1303016868043784192
1104180612
1296399934284075008
1301795328904003585
1036889502994841600
1302929203046776832
1302911598105964544
397514681
756650
375518355
1277917703609757696
1070356351992377344
1302643563340103681
1302582620342177792
1230746536742514689
1271166141105389569
1302516187402768384
1302486851664711681
1302404153113825280
1302215665835806720
25977779
2856623937
1302262178007965697
1302220024229363713
2947394416
1302104822888493056
1301965747573452800
1301955612037787648
1301932215350288386
1301920512160002048
78280324
220045663
1176476096
559782377
1281945592554565633
1301691971149463552
1149268621
2646455719
1026105222249308160
1301599540542418954
1301599198761095171
1301569389897097216
1301562858333974529
1235922035861344256
1301480777457246210
1000085868261101568
1301231352944234497
940239048
1301213552515133447
28766654
1054091266252828678
1300840877531844608
1308021726
1300705957970874368
18530620
2901271937
866822197557547008
1374379202
1300523769732227073
1267513875513180161
473748391
1300450824452280320
1300323717801746432
1300185630937436161
1300157677226668034
1300125175262912512
1300095620263354369
227375600
1300077982174846977
1240858595920687105
882286455871221760
1299363999826444288
127504343
37490454
1299827519252819974
1210187328926441477
353608942
1299693445141934081
2318670603
1299699034060357633
1299620429649391617
731304561906987008
710468714878132224
1104605654097055744
1199411830080331776
999943828097421314
222930089
1299424329076273153
1299389449466515465
1299330559567638529
1299330401438179334
1299127209236541440
1299116095773835272
2725327558
66653199
978931124205424640
1297789423187304450
1298973592366051333
803159667618828289
93860103
1298728647977775106
1298717308320284672
1298650689678213120
1134608461
54837872
1298590463704870912
1144902691660976128
1244678148995907585
1298530094026240000
1298320279932932104
1290445750065860609
1269226496855625728
1298335767715024896
1298314257361178624
1298306763339505665
1298227861292285959
1298203145089298433
1278599043833364480
1255884669071110145
1298152885860159489
51717663
1294554278951096320
1298018727795945473
3002084676
487396808
567187078
1266616531053686790
959816168
1297614695382351874
2831667177
1297510406181838848
37921183
1297458844331843586
1297309423803805697
1297288178085310464
2778729437
1297254636785741824
1297243367596793856
742285682
547643782
3024222689
1297218086572109824
1297204455251771397
1091951781276540928
1297125384866201600
1297095541537611776
1292390851461685255
1326306367
618245353
1129857770013040641
1266823263100993537
1270684263718027266
1287575425418276865
1191025618055520256
1296704145831931904
1296553283390246916
1296539813290676238
970012506
3951445577
1296511101824380928
1296500065570357248
3384756233
1274598933579382784
4818398051
1296420054838521856
2532142272
1296323466703011840
1296305644035887105
1296054648969859075
3077989492
920965835434414080
1283177844382851073
1196341281066291200
1295963307413733377
567684174
1280546111380430848
2393916987
1295716074349047808
136338247
1295652583613313025
1295647328825745408
1058787132
1225464711292080128
1295473965981409286
1295464935540035585
1295347391911141376
1295327508485808128
1078037362620485635
1295092168156164097
1266627485409705986
1294976481697964032
47300662
743061589
1159452355559079941
1294941195551092742
1324841486
1275176925728833543
1284494893440741378
2750267419
205636809
196663319
331612214
1223349055394406400
1294662682075893762
1294668146226466816
34713973
28199836
1288810719912304641
1294269593498853381
3082854989
2195271364
1266358506757722114
1268309125710086144
1294041867294838785
1074367569174380544
1233457280198356992
830240519200632832
1293996523483803657
1293899023447994373
1293858698159435777
1165734558467334145
1293811148517777409
20767742
587749540
1080558808752103424
2812776498
1293467849583988737
1293454224890699777
1237493185783496704
1237849737350352896
1293416017612414977
1293306776201449473
562249942
1371401058
1065284030
1293221085098500097
1293202576423428096
1293172552999763969
1260729984727089152
4833390892
2330772855
1109793120462483456
1292989071728541696
1292955500359950344
1903149991
1934108610
28305107
1134862140
1281191553030029312
838248406955003904
1292416080229662720
1292251866638831621
1292226555050184704
1887595015
2502825103
882236629733318657
1214649673933361154
1287515059313352709
1292017057639407618
1292012863268233217
1291908402076147714
29182651
1151954555053203461
22713828
789411661664878592
1154674670307893249
904824602643324928
1284185997652172800
1291359592249798656
1119731960
1190273332366708738
4748925203
1291269393024978944
1067788063244468224
1289657138936152070
1291107133329727488
1889610650
170992820
1290794022890504193
1290732736316047361
1290651308442214408
1253348557626753025
875884249
1290567253524713472
1283185612988788736
1052920579882397696
1249414464425701376
1290239675760877568
33522949
953419003598340096
1268074274239242240
846854363020759041
1289687711486550016
1245702551611346944
871796701752938496
942392026255036416
1288976873670815745
1284565849274290179
1288925358306332675
554272707
1288873191239229445
1288839233864634369
235337590
874169343474585600
739092054
730405459195211776
211323037
1288584813847425024
1288562277260681217
324501720
1288531224944926720
1288513379783651328
1120980275532652548
137742997
1288405059290750976
117211369
3161381878
1288288809977819137
22905166
1288107730138329090
1288023955480215554
1210499224774819841
753950045544783872
809421570049458176
1097183221207445504
2745473055
1287629796193841152
1287509319618101249
1073669258234814464
340832031
864519252
237475435
1287371964760367104
1287361454010765313
1287296385897975809
1286602357934096384
240873883
1286665631337713666
1283737615041273856
1287058573391007749
867509836191195136
1287009454593126402
1286994589124100098
1286982777531969536
1286948473510780928
1286937052668399616
235090234
185453179
1286704940111540224
3107979761
1286620804743139329
1286576238765768705
1286565145880285185
1195789950802911232
276606850
1146147333333225474
1341335334
98093876
1286303421671313408
1286288189603418112
245779425
1286289662085156870
1286210487009648640
1169284632149467140
1272750652024918016
1286046223254913025
1285978511321239552
1285975338825199619
2505126469
354602959
1285911310736199688
953242848744394752
1285900166944497664
1285892200295956481
961377383822569477
1248337017680863232
3022178259
1264156519
1389263312
2728777372
1282125029787009025
1285587725865963524
30219166
789959533795897344
1285464687413526529
1066471325684953089
1285236501538910209
1285118230034624512
1502897041
1284928398058455042
1268304630720716806
1270882382686666752
581187199
1052807034
1258457964668760066
1284799150870147073
1284784643296854016
1111507867
1284755730772430848
1284742610003865601
1284648395773272066
1284590634150617089
1303485235
1284580207513542656
1284428173313216512
1284553851639562241
1284528477572599808
1284248636906524677
864514791641149440
1284150839247069187
739433111885369344
205756837
74446531
3926437463
1219335891526848512
317643480
521586628
895246093314908161
1283317998720364544
711838856262389762
1282986190405238784
2370045952
1283160626261630976
1283149527923523584
1109334146458046464
1283133733470691333
1254386440940605444
1282784175981035523
2990968859
1071398514389909504
1282668061716369408
1282625913386139648
1219252476
887588932568985600
244729063
312176930
1282338740598448130
1282311915860119552
1271692193238061056
1282268046783127553
1282225784418074627
27074695
297030879
2895079737
2293888102
1282015877001601024
1280543881348747265
1281941971439886338
1281781732400865282
1280231429931175937
86272705
14302049
180692799
124521599
1083833521582546944
1169986791811747849
888516002887196672
992952453548175361
1281407757795688448
1643536483
1281288101718081536
1459759950
54167699
1281251043062484992
1281155298351296512
1280894584374071296
1280804149395947521
1280795784259219457
773969180
1280730016914030592
1280571005778485250
1280559974830215168
934532553008123904
1593812076
890476039029350400
754862167
1280182172192854019
1280170354909077504
1105925450042429441
1547710130
1280061163297013766
803704759551164420
1279901237744467971
1271750437654454273
1279855819933323264
1268090877735579648
1606765172
2517078938
1279767988015693824
1027192472693338112
22251051
1279703647815905280
1279690493706874887
799588897902784512
1279557091489910793
1279511953749180417
1278429427664408576
15872682
1104043329505951744
1261762749220163584
1276085777986961408
763505476126597120
1279096443169619979
1279171925143703552
1275751948915027971
1279146772099670016
1279100998049501186
1197128408058216455
1279061040190361600
1642486705
237303495
1278940306570989569
1278821198189793281
1278759121513263104
245415189
941435261443026944
781770567653425152
1278236990195011586
1278534701423222784
1278387600420679680
1278422912979132421
880180598928703488
1278294536666611712
716750286883266561
1278228624626323456
1033495122
1277586009635590144
1090208064098258945
1277964853529858049
1277960087781257222
1178330431000854528
1277757399215079425
172040187
47074064
1274117388200554497
1277645625199415296
749284058958536704
1277488026365632513
849938955294445570
1277342730633580544
1232470213641326592
774146228955119617
1277274075736543235
1277249436620591106
1056524181230272513
1390515553
1090305283560214530
464230728
2494378335
887419856
874759544945217537
4686634752
1142481440
953403510
1276593730028556289
1276431176362864641
1276440615358693376
1141685945483366400
1225892195145781248
779418957337989120
1268476133475078144
1276215988590186505
1276215704841269255
1570255212
1275940318236545025
1275930770826235909
1275896809957752833
1017554603599122432
990991473180119040
1240619753275867136
139672720
1275558493941108736
968373048817717251
630328458
782833974
1275396582339497985
1275380336273301505
1264674869796634624
1275307599408312322
1222986024189603840
1232472210767568897
1275202985359007749
1274980645572403200
850024174009683969
1273766098316464131
1274838777522016259
1274822250361995264
1274812393571434498
1274796083970019328
1274370930219847685
1274645195125129217
1228644841237753856
1274587688369303552
33065974
96160878
1274426621940961281
1274404376921112577
1274392659658969088
1274379298623946753
846349551883747329
1274335892736479232
58331034
753658671117238273
1273007297967599618
1274051403003170820
1272435071371358208
1048505196316385280
1103510136
1273929764173160449
1257278789173862400
1273814735713120256
1273737485282050051
1192383557265756166
1683454964
1273707789555240962
964881747593834496
1271081902443761668
1273687250560114688
1273681935252852736
4625276613
1273600653672296448
740234048430280704
1894856984
1152415611110219776
1273375168816185346
454121023
2901064906
1273323365793763329
897558828
1273318128148254723
929648474127204352
1249865851869724672
1273232927371988992
766216726702874624
1273169171950505986
1131296631859634181
1272977458627821568
1268700134969430017
1272848158805102592
1272515144304730112
1272511915164610560
1272054602779803648
503730542
184111274
1272284120304029700
1272280080652423171
20107968
1272185270117507073
490714032
511987058
1092717913918840832
1211010095112278016
57932312
1271957595075592192
1255454228853723137
991199365
1271803377203240961
1130940919
1269309843422285834
165429207
2215722232
1707998058
1271575679931486208
1271539556614094855
1271508606136041472
22488975
1271446455627194371
1271249227046322176
1271167523749330944
1271160586714468353
262639863
1268928752207224839
14362078
1686076465
1226480023277834241
1198633448245735424
746281450757042176
1270972667613544448
1270939841975459840
1269625172212006912
1116623564
1264308686584938496
1514196103
4358081
1268337390218870784
1270721373376139271
1000321684887556096
1267778555871723521
55227078
1130646284
1262509635778592771
1270648951864254464
340972732
1270459936603070469
1267760788963540992
1245621923175780352
1268670197986197505
1270270046628126725
1270188449728024577
1270110914923114496
1270102850807480323
1270093501741633538
2162377251
581166952
1269642111109992448
1270053785264586754
1270048806931963904
1052556356761341952
361364277
217583487
1269929658365218818
1264353106323820554
885487878771494912
3246306365
1269702343613964289
1269694954315579392
1269689218516824070
1267148354817056768
555355450
1269591732179566592
1269568732579467265
960570782266155008
1269539007534432256
1091075442352799745
2893384960
1269387561098772482
1269380264939130880
49512573
1269277352917438467
1065715493892472840
2732769172
1269214662349987840
1269212197906939905
1268878659563200512
1269143828541452288
1101594344002387974
1196152795851821057
1269041617471758336
1268956203159339011
1268963254895861760
474103664
1256316274088517633
1083597853472288768
1268898820320100362
3202427739
1268895367082409987
1267887888437567491
1578350220
785161655026061312
1268837087966572544
1268834132316098560
269747661
1245945862259445762
1268702195232444417
1223799072802340871
1268680825777856521
1268664381270827010
761187472550293504
1234537300224303115
56539333
1255562159020478472
1263558823056486401
1268606810195472385
1268605939638288389
1268596585342083072
1268586423516631040
1268575719828881412
1268537592401874946
1549079810
1268511417159868416
1239997064592928768
1268473801618137090
782228321614585857
417798350
1268434127403057152
1103265437981306881
73944729
946477477
1268327119890849792
1268292730465247234
1248626151217487889
1268278140176158721
65621871
1268268350683185152
35349633
1268253277403168769
1102153062
943236537478778885
866906167062257664
1268197425237364739
1268185099901771776
1268179953704722438
777810549270777856
1268172950655688705
1268144239613018115
1117880930
1268105031963770880
1250081711918067712
1266016693681340418
307424546
1267948069586427906
1267947797061537792
1267770165506330634
1443757716
1265222218268782600
745699248356884480
330240968
1267870895781134337
705273616
1226426254116737024
412352515
1267835944570363907
1266103015305613313
763425176688132097
116044288
1267781361173237761
1209367232712773633
1267769101100953600
1267728585542025217
1267721731822755840
1212096449229406208
1267709820142063616
1267707514805772289
1266339442375229441
40074830
1528846718
1267544244954238980
918389337284399104
1267046595520012288
1267523642159702018
116159118
1257002743463583744
1267398013733023745
3084567770
2446811724
1216423692693131267
51520533
1267431477643534336
2729106564
1267400290304655360
1190301855513022464
1267361550945456128
1267352179779780609
1267225601573822464
1267048640507502592
1267190564065357824
4869622019
1221707271241117696
1267165811376078848
1267161427342737414
268805671
1267027201427374081
1236091402720669699
2953495684
1266834358847012864
1212169651662180352
1583773928
195073490
1266633550662688768
992113060914647040
201675353
398586749
1266492841641021440
893543272605503488
1266400522199863298
1262811242563059713
140163552
68720276
822592069525000194
1667434620
1266168586013466626
1266106933703999488
1143809434638004226
1258108507078918144
1243321524104331266
1266051339890708481
1660403688
77458226
981780369644179456
1265854463677472776
527884521
176908888
194370143
1265715888189313052
4870140845
1265662697363955712
1265656227264159744
1164227230882586630
4078860736
1265583636130258944
4878925330
896162185
1251050407457153024
1265542625031073792
840297518
578241849
1265371566784774145
763439983743098880
475246697
912941828932014080
1904897714
3299390271
2872519072
753630439412211712
1398959551
274899271
1026156166735425543
1265208673745489923
59387855
1211323829156368384
1262318202253688832
1476454302
763036348177649664
1264933723360935939
1265069663655997440
1251947995639304199
1265007840994955266
853515164
205809362
2533981820
389656194
813129018694336512
1117512785628467200
3893456296
1264925429586165763
53878477
218123617
819315997077307392
156981669
985592832990773248
949969284746436608
1010128554514886656
17007313
1134445107774730240
17707220
1205926258267344896
1264825979379294208
466784316
827604968475607042
3099088677
1009182378
215965331
494813940
19934068
218077977
1264482253851197441
1258746505831354375
1264427862809026561
1263483650697506827
845781643
1263929295858208768
1264182763252580353
866846276
1035289131751026688
301566221
492554765
1264130030558420992
1264090517014544384
1218268708960980992
1030620955
1263950170485653511
797365038751318016
17421178
1263797887739232259
1064195238485524480
1263784703368273921
1263763210395672579
1263760907513081856
1263759962863534080
1256337149097623552
1248930906368290817
1122760112718921728
1263568561714454532
1263553570898665473
1220026897888940034
1263267068947976192
199632743
4695267331
1244292769495109633
1263187734459568128
3580752436
1263162919304466432
858061058778574850
1263049011356991488
1262290992440451074
354916846
1252752492624056322
1200180214778781696
1262845520596414464
28312207
1262780348238303232
463801594
29938774
1262759647103967233
1261018909156749313
1252937001214644224
1262661445986258945
758950305471995904
1015667500158251008
1179332042091384833
1262561986740699137
1194683335362170886
1262459811423232000
983337755123048448
1259142906918637572
1262408858904952835
1262402112153169921
1126624550
1122427393
870676406853926916
1046717416984768513
539313524
1230144009110278146
1575513206
3261494765
2409550321
1349519514
1258562096511561729
1258611575616872449
1632611184
1613187812
1261625233150222337
1246036752286003202
1260714227792318471
2381776175
1261364783795896320
1261244226840526848
1260871433116401671
87790968
1261139787412500481
1100728332516278272
1260684258135375872
1257930992536387584
1259895464725528576
1126537750126170112
1103283110312058882
3547190417
1260879980222914563
1224971178001027072
1546344775
1260825256887037958
1482172898
1260708691101302784
867762880816590848
1260682354848411648
2872701496
1228718588967694336
320762173
1260530316428673025
1260505888546308096
156873214
1184208114297528320
1260383840356298752
1260371485681745920
237104419
134230848
1260210169310588928
1260206525555113984
1260195931770806273
268247505
1260131131015430144
1260170048905371653
885124770181808128
2284280579
104864699
30203662
711586832
1259788675254308864
292804012
1257045776825569282
755871865
1259628673256304645
815302160
134034917
536424586
3299483476
1229772718809255936
1259420164417822720
870609785888092160
1259405018731601920
792036022011953157
269941072
1080599670538293249
393423546
2921098109
77165596
1004074898275397639
341703563
1259144488963969026
47028540
1089595058603610112
1200560688567074823
1121120775661084674
778952396437385216
1187352879612321798
1258754219139612673
371194137
259179151
1050412192091246592
843368866331971584
714496906206904320
1258336142312816640
1258293630554591232
1256977556596760577
1258104194550071296
1045670733161140224
1154931499625570304
1161316856164225025
1258045349182214144
1258024432859258882
1258021184899350531
889599093504442368
3430403955
1257946444151033856
2869205559
845109431864082433
864235833175547906
1257737037513478144
2870872531
1137778788866154496
1190674624746606594
796276348729761792
1238541519205916674
546472029
1206933852733739009
1257479724399558656
1257442132446584844
1257427826132860928
727800244675747844
1257020028819554305
39499533
1257349550261633029
1246066650127970304
1257326695943671808
1242078351642308613
23415231
2740720126
1226897862602129412
1050285332502126593
107216637
1251803364683386881
1257267456596459522
1257251957582057473
1257235031208210432
249302490
1257227633089265666
1257195086716305413
1257134597944627202
1163830488211083269
1257017823781625873
1256983289627398144
1256980137469521924
1256975081982525440
1229190698
2262019767
78848105
1256962173294776321
1256960890118844416
2318603542
245847473
1915280514
28539298
465009841
230665626
1256847697283362816
2719508385
82839967
32339715
1256699229596192768
955424043737415680
1256641384746045441
1256514453358743553
127483696
2246048034
1232722220574793728
1256283402447343617
1256268960607154178
1256193427471060993
2753766814
1238802143131426816
3381695218
1047041915995267073
1245027099171323904
3239162986
1238154611309101057
1255946571402928130
1255870555653373955
2961895227
1158873329014640641
1255774047524343809
1254388657009709056
300703904
1246192050925645827
1255551975397171200
373032327
240399806
1255478415500722177
1253391891934183426
1255411608714608642
78014137
1255405516316082181
1252572427651035137
1229894694034911235
1244242810225729536
1255158772198191106
254161091
1140618600157515776
345419441
426955242
1255044571064655874
606160585
3432560547
1254778715998846976
1254823910614405127
1254799625623687169
1254717302970421248
528534773
602015841
1228392124342788096
2837680078
224534218
2268457749
1100514397464731651
1196938127996264449
1254491576606298117
1254434139635408898
332482016
1254410679194464256
24544864
3404518888
917302746096787456
1223324204646445056
1169652501177651210
407267898
1135802640393297920
63488963
83385523
759828464727887872
32395744
1254033157881561088
1237006141734993921
42651644
1253874658585255941
1253833596206546946
1237438180640555008
355717256
937362919922327552
334727399
1253671165521825792
1106161291310366720
1253607541864632320
248390184
161818737
772898101883465728
1253561668501725190
1253413036175396869
2315733352
1938904753
1651096609
1252898826140233729
1252372858610823168
129939483
1245247013463228417
1166742846810075136
853751326974627840
1041111600
1253064210864648192
1182375178443067397
1253022090091003910
1253016582256803843
997747819359428608
1252937966323892225
2402887600
959836731594944512
1252563542504587264
1092520437265952775
968605007292616705
1252722624641335296
493456530
30827412
1251959185559949313
1224822438132965376
751473810411577344
144954991
1088122673698353152
520742582
63430528
1189468941111963649
1252209063032696834
1064519242819743744
1252189006336610309
1223311953008963585
1252094398944497665
1251874982189285379
1251871843482570752
201633096
2538448744
715250310948720640
1251596100005433347
1251462715836637184
2427514617
779013038
1251418117022060544
1251065081753931779
1251295681274355714
1251251458550489095
1251247673572839424
1246344771167236096
85661388
1251089070215901185
1251193349538828295
1251183367602798592
14285919
266582331
548525527
1251106680231940096
1251074688513703937
1251092774063046656
1251070129225547776
1165371618518081536
809221743562936320
701124319
940309792786141184
920906023
1250825798291992577
1210672473978654722
1175139314746953729
449892157
923567834709549056
1250695305978396673
33552414
1226184495629512709
2310502713
1250029180403814400
1250487341711593473
1205249935454670849
2855759301
1250463511244877828
1193679863359639552
740815434
835446875314606081
324427429
1250375903542157314
1214800616721178624
1250324728369147905
1217492185710579712
1250251554768203777
790130140315549696
3132237429
1228432786014507008
29064386
1134103362130141184
1249914872852295680
3374342517
1115279742834499584
1225130791509929984
1249773365721792514
1099208000009572352
1249746715877523458
1249701859587239936
30686008
1172451724650586112
901572841325375488
1241862568848826369
2522326837
1200786488557998081
1093538767439302656
1249368065969737734
1206217038533971969
783954903404318720
826493384244146176
1249225767751483394
1241502103488659458
2808044861
1249053947156934656
3345399311
1249008502602940416
1248993208434073600
484271909
844450699689758720
4884655689
1248914372673617922
1248904721232003072
1248848881066168320
2953039865
1248760078959861760
1248768323942322176
239990925
1248725450433716227
1248596091379036163
53923213
1239672019622518787
256177995
1248526901142044672
253524696
41370242
1248402580767735808
1248366997135638529
1248354223336624138
1248345866936758274
1038040441
3434812397
853344719967055874
3495650656
849941832033239041
1248164286620459008
1248153017796431872
860861338070986752
2842551123
801313645
1248041378631819264
1247994722888683523
1247997785829408770
1247988242026303488
549941195
3300898571
896124532590862336
287112877
455547599
1247804884721655815
85438709
4846453630
94364500
1212352637909135360
2752616595
1201606365665513474
1247690218171445248
1172728167339110400
525466547
1337436505
1246513855750119424
105244629
1213217439648894977
94595982
1247505479825330176
183834176
1151949086670671872
1212153924473380864
3058317407
148776813
1247272983900704779
1247269582261411846
860677196
1205395368890044416
533156358
93261746
1221904663286571009
526925804
264824548
3178221399
1244466860302753794
70419881
312687341
1246895673959682048
1002871849360023552
1246873311524663298
1106877397696155648
28104451
1224423706350555143
2416341788
1246751614465126400
1246702466810380289
2845307517
3459685815
22434230
26077852
1246460547865939975
1132247359
153694624
1246160822348513282
1246164006433435649
857019480
1352206106
400744511
1272407492
470316470
1246099888892452864
1246082093555294209
14933183
1245997369629515776
1953016819
3134059847
1245980958047834112
856822542375505920
1183472258586730496
1239191741636513793
1245815972134629376
1031662642396577792
407185830
1245746618172874753
1245714965245440001
262027474
1228898556997722112
990746741082378240
1245596230635282433
1596689029
1245482734581055490
1245466965084422146
1108122375495843840
1245445213407019013
1009868035950247936
175433574
256296207
2192615043
1245337773265039360
1245316279675879424
1225481385470832640
369378538
1175857019242328065
1245167628865409025
707402042097209345
1245162328028569601
1245070230528888834
90298742
1245043927905980418
45016174
1241468083979550721
1245007506642010114
2973049996
417470779
953707735534768128
1236287319281479680
1234586224909864961
1244900061340991489
45567516
3236916058
1244887759531237377
972414783445196800
1244878487997100033
242018591
518864187
1244741331433422851
1242834501178396672
1244672297241382913
1244657346338586627
1244597852631969794
1244516926409396224
4820625489
803293962836578305
1215567267959910400
1211631996964724736
1244346069963718658
1599340106
1244337879838609410
1187129300333584390
1655744916
1243978285442387969
4846136139
2788956422
787752032648237056
1030152459015151616
1243865525882695680
1131852098692374528
1244202455673516032
1243672100617019392
1244174625560506368
1193628114359861249
107645084
40852029
1244041911377301517
353296874
953063435134275584
1561151658
138792856
505817725
577446805
44884246
1243888536480296960
1243870439866318849
1243865495184474113
1218633068820549632
1243835784727351303
31076024
3978802377
1149806213116436491
1243658778081406978
1243627270415290368
1243621045266980866
1238839839262457858
1243071616151584768
1465090159
177545393
3099474670
1091329232096190469
44210206
1083611349668773888
17681911
1242960402193027072
1207409138281730056
250803014
1243450190104854528
3213368226
1214730404684537856
2987140215
1243349550628306944
1238115743646076930
1243319027726004226
1243315775320010760
1162505536488841221
18091303
1242889912828952580
23201723
915461254852079616
1243235191822434305
1243225739438313472
1243221963029581824
25389573
315963019
1243215413506445316
1214895943595769856
1243185489257127937
1243168352475938817
879980506225537024
1234751237003849734
1239540112662450177
1076830596972904448
2471690247
1242934780360101889
1242888836138635266
1242886929873539076
1242570091805511680
2745930434
378560518
1242809345261408261
1184419683199574016
1242802107184558082
15673229
1146005973062094848
40640164
1254410288
1242760220608204800
1242740622651469824
195893717
1211391084904890368
39107914
1178388498937712643
3261070824
1242133122793328640
1242530618468171777
1242508746804396040
1242506359582666753
1111510701695066112
1007630645533736960
1242445523812057090
737876837578203136
1242399017251876864
505018408
340425268
255986399
906585827857367040
1242289541500661762
1242245663397724160
2361348227
1240582235310391296
60711529
1059821714417373186
1241731346181087232
18948614
1242162586327678986
1241437959271956483
1242150401392152576
1242132485145874432
915682964671025154
1242116438246207488
914203986
595750445
2184537407
1037866644
1236733712907284480
1241308942145392640
1241892021595496455
802217082360315904
553330037
1115610646731579392
1238448199670562816
42494407
1237698272732512256
1241543886482345985
3374104108
1241475267840876544
1241472777586126848
86115214
1111205969625796608
1241361471822536709
1241316297784340481
1255660050
1241148762661236736
1053986654514569219
1238177008028454912
2938853619
1240996825152266246
1101127623802011648
359573935
775418515096412160
708386671235100672
2972936187
1240812935078961164
986242218951368705
2923598356
397153576
1426166090
340178584
1240659907378139137
1240639326662336513
1237354206438326272
400229922
1240581387968811009
1240527003469713408
1240438559565320192
253759163
929636804
1032968195777482753
1239459947152375809
3852404549
3261075801
3524766977
187960581
1240212605098131456
1240195603516317696
1240188156269473803
2345413936
1240093548361461761
790606810583560197
1240067248565469190
3002685611
1240054610385088513
386410173
1201215964609732608
623956741
1239931329199910914
1239883819345469440
1239880739845541889
1229035352020660225
1239866579791339521
3347532754
1239834888045461507
2408555016
1239766383665315840
1239697852101779456
1239607185199464450
1239595165242753026
1239185856759508992
1216481216188370944
1239337362049687553
1238950116230299648
1239226470096134145
3039817269
1239199988892213249
1239165219982761985
1239122868597858304
1239122285619011589
14284830
1188838659463766016
1229673196191985664
1238944300504952832
1660878828
1238915476086042629
2871726720
1238899566184931329
1238816574963933184
1238843193543864320
1238871655243538434
612480296
976013112
1238843685565014016
988729160398004224
1033705528218865665
1472492612
246504284
1238699517605826561
1238617795224580099
108418278
1238547980933791754
1186961301681180672
1238542909542203393
1238528268581601280
1237740022981369858
1238447051870003201
402243842
439400196
1180057757522829312
1238352496776695809
1105682213604155392
1238312258058563591
1238273924712009728
398934762
1238258206356451328
2497281458
30733439
974010335958065152
55813241
298501532
2546144879
826519677723672581
472740215
45525213
94540702
973876430898638848
1238069883063205888
764597011
240639418
2761944778
1237862808970092547
1110432622222684165
826712997221502976
1234178813929627648
1237626609248731136
1223353316782022660
464171072
526627650
1237769214997475328
1237708574798864384
1236786643094380546
1237488454616956930
1237484962871496710
1237484758248108033
1189884862364356610
280143983
1197231435888889856
1152942300408008704
1234425023483478016
1235169858393960454
1226557471264854017
1237089364569661446
1237058651401203712
1234054845792911361
1147564932210352131
535177966
1235865516666806272
1157441488348942341
883359609364283394
1236712073784147969
1233736502263373824
1036652855753678849
943817462470135809
1236627210687123456
232930735
1236399296272105472
1236320377925705728
202166148
2720070627
1234781465285726208
743474666602401792
1231518977249234944
1236074405605920773
335280965
295145544
1194835050187165696
82191206
26740943
1233034031362707460
34306012
826848803315707904
1235697205656383489
1235698260989423616
1235636984028200961
19604997
1234216653514252289
3122234734
1319068254
1235524934954336261
998956726811537408
1233069898479349760
836151396659515392
1235293230377447424
953014183339216897
1235209695125794817
2359289270
1235189095745425408
21698947
199964098
3292949481
320822661
3062711559
1234118635775569921
1234055751380930560
1120293297191378944
927525498770649088
1233796472354811904
2691313637
1229896628594774016
1233704466169417728
1394456610
1233677701212405760
1225070725133934593
734054286158639104
1228049445167804418
407020992
1233357667869102080
361193517
56110019
1233353864235094022
4803690675
811315869984980992
1074339985589972992
1233133611769040896
1173340108306755589
1232742531621892096
930570161903501312
1232789205920735232
1029471387340165120
1232283815307022336
1231965340504072192
1188435684241088513
4848320060
1232232406607892480
1084372290446520320
1231779295057600514
434335886
1231405290266005504
4144594223
1231327135371055104
1220439559990906880
1165263949471895552
1230824574390067200
2868864184
22365078
1230963916819378176
1218082707093303296
26588979
1230799481752444928
1006688294875422722
1230629944855859201
246728844
741291331
934420573312122880
1230478058097954816
56314947
1230382450108485632
1442022462
1230182806443171840
75633596
877329212
1154328491221049345
2279875347
948217153018384387
1205313829804085248
3361000035
1229860293431504902
1162774815499063299
242727758
1229748913126727680
1221490757351170048
464187690
7332752
1228332254813937665
1214954163756503040
4864492499
857629333174669316
1229489293208543232
1164274450424107009
2992192096
1199457597818114048
1227258930033840128
1195683786891124736
1228875372101619713
40873496
719940565924777985
700939329829519360
1228419612645175296
711822640596566016
1047172339824320512
1228305302916943875
1227631683031248896
2343359346
39505623
788463111112122369
1097491417641955330
2447666226
1211315855809642498
1112789911227285504
538239623
1227686528744382470
1211997954053046273
358052924
1227644960612241408
908588875014115328
1227511571640963073
1227543028291772416
3251337993
30830652
870385367136051201
1227183659746308096
148412979
1226941555178713089
1164515306905231360
1226928635220779009
763298659
1013475967845765120
803376123858092032
1226845325840801792
1114206251725074432
1226779781003345921
1226275427519516677
1226599216723775488
1226748597728878592
1093840994687246336
1172619799517704196
3003256407
1226225998066311168
1226621387131047938
2958970431
1225891233840582656
1226618184557584384
1226239716510576646
1226590801452511232
1226575519547826178
1226566178216214528
1226472863378681857
1226449288823177216
1222638234
1024266751322857477
1226095871659474944
2647070301
1226430511842807814
1226207541748813832
1161007799054282758
1214138850169118722
80259548
1309630448
1177227692892196866
1223914683213721602
154961391
1226162275012268032
1226160947582160896
1226162058934280200
36124905
1226129614021459969
1566414434
1225604761380171779
1145170356405190656
1225878749759131648
2821311646
1974112524
952333691807764481
888317762099187713
1200457441718218753
2739128045
1225206063273775104
1225711572707946498
1225568475973898240
1123293814108692480
3364151085
1225420372700471300
107843291
3425509295
1225378588809146369
1225360104570195968
1223542597265821697
1217845247608336385
1225192995995181056
1225190390099271680
3384707973
1221904206451433475
891725665057333249
1225111650094780417
1225101251031044096
1225085709830279169
752510809528471552
862575026981285888
1225028168802803719
1224966991028592640
1022437228461662211
966792774
2567631323
1177861466185183232
1224249103363846145
632850912
1224669567999455232
820688220442787840
1224657138343202817
797613174
981929901799411713
1224641004122320896
1224601338887245826
400057194
907192995585327104
1194433264410406913
1207437652628299776
1218305440049778688
1224390568425508865
1027493930840064000
1000516409825415168
2196695253
1075277152537534464
1193649797368098816
1224260272287895553
340870366
1224241325220016139
1224233940627656704
1224225937576939520
1224180314093826049
3973274409
544659450
1224087075412234240
611092065
44086713
1224048108088315904
14112897
1224054718349107207
1224023323694243845
1219746494326112259
819798740
1259975232
1221539816610914307
1223948554827444229
1223921912302141443
1223920770436431875
1222353495791194112
4879654701
1223799747183546369
1172999741967409152
1223723122060341248
1223716013214257158
1248183991
1223637804699308035
3410434041
1223569403444371461
1223376910367055873
492267555
33194193
218119139
1176818899515531264
1169712586520178688
1223460908413980673
1221418020595171328
1218560673988464646
1223302813025030144
1223222348683399168
1153375149095292929
2822731303
1223153514685370369
1223119613946261504
1223052929713811456
1223032037856116736
1710712849
1183142881017630721
1220416869565452289
703842023808184320
310565530
2274724234
28543259
1222928942945927169
1222913311496425472
1222911406078668801
899622208649261056
1222879703935201285
2844829473
1138752668
1051911360240635906
864184598066065409
23807351
1222656412440047617
1222633514211971072
1222170034044358661
20229175
1222599920898789376
1222588552279724033
995172486206644224
1213121416570163200
1222456600302178304
1222257442387525633
1184177888188346368
1222413431908786176
1222257521764851714
1221857764152172544
17867455
3178613553
3084631127
1899046525
1222179793392881664
843952349571899398
1222144330086977537
1222132232002973696
905324069712777216
1449669582
797523000358764544
1221911185907486720
1221896100979904512
1221893760595963904
1220295370229649409
246166710
388448113
27452286
591317704
342971374
1050794192
1094172301996818433
1154731135022379013
801584870925471745
1221401514641633280
926799286620241921
103412797
929746817541201921
143195413
1114274713050800129
1220191754793693185
919210753
194943460
1221114334081884160
1189765717702447105
1126591081
2824499593
1221024076396990464
20810958
916430932575432705
4263136222
2361823541
34896383
3295756660
1220431587533299716
478132841
826917614
1097308696579854341
1220747479811002373
1174588538563768320
1685200442
871278036859195393
17777764
844122007
187563921
196239217
1094604983562133504
4570732721
4260963381
37295935
1192753327504838658
722016463943503872
1220286247056420865
73103610
1085918880705458176
1197822586341728256
1220245621065551873
2502509823
1190283224678883330
1089583008275984384
294895471
705349804067573760
1220083746369671174
1210892612774678529
1038154584118763520
1219126319772061697
2333828866
397402917
1219905393067024385
87441614
30085344
1657014960
1219733970218377217
936652419710242816
66779438
156802530
115357016
1219664402145796102
730744160085549056
1219607511457726464
1039771897276375040
963761227297120257
2964890477
109027042
964154872089268225
245510882
1728666128
1179321863081738240
1561533642
349565242
2191792540
2636622199
1219258933891735555
1183762757260382208
882310135988846592
35024255
1213994105388199942
2465006942
1219261844096860160
839644495
256180709
1166762183763615744
1331552161
1209278210829144065
1219151003305631745
1007114077779394560
1218895073137610753
1218862817601781761
1218849280921939969
1218626723266420736
1218606368430743553
239134619
1218522126329794562
2699110853
1081519459322548227
1218327311138926594
1218254720244092930
1218228500274057218
808244682702602240
553830098
1203321571617771520
1218103305378914304
1183885589881524224
1216061304445849601
1214643839564177409
932305582849175552
1107634910855131142
1200888780120612869
1217930359939178498
2724248158
768836599102763008
1192712950278164480
1542667759
204375630
1180018932108972032
1217811446408646656
220307207
817054558509797376
1217757654501797888
1216618303688527872
1382814794
1212135811832897536
1216833160094396424
1217177980625133568
1217198885057236992
2907231037
3086957164
932950483572060160
1217344228424081409
1217360622964367360
1217357682295832576
2166083812
945772944
2773496200
1217054578220380160
1216994791315136518
182732185
55380215
121707181
1216728278364577792
27429524
1124673032822374402
1216327655118790657
1555173254
1216182778238328833
1216033108333678592
1079444710064865280
1215893910196838400
165485532
232165034
1184742247109218304
887276930491396097
1214716262946873345
1208916091566727168
1167949993795342336
1094271044288954369
2720545523
754381372203171840
1214965391094616064
1214907373481054209
1121715469134622720
201245041
178800001
1183710353567428608
1205207821740064774
1069685054182432768
31123630
1011264795629309952
1214707597657460737
1210208862852268033
98170226
768501214669598720
896461600424689665
1208475889496985600
247344442
1214567607786803201
2957290096
2766336177
1130900758600327170
521624306
42212205
1214306329315045377
1127890457135124481
1214246928063426561
155588846
1548954534
2797840421
1092825723256098816
1212464230152077313
917711638433796096
1214006693656350721
2851059186
187865805
1213916733385232389
890780811015880704
2999364561
2939183859
117539419
1129045404593610753
1202249952111529994
1173943312677572608
1182650092903391232
1318678604
1213123370759278593
1213089606997950464
1212479179578429440
579093026
14285042
267194536
4888939120
1135294728
1212738667149578240
730298336
1206945301203951618
1212441547888680960
1212500804763967488
1212443913014763522
833870033096945664
1186732523818225665
1211962756510806016
851716994
843956012
1211103119733477376
2469435761
1211376117635878914
792760530696110080
1008823435882127360
1211303317613105152
1205520354837442560
1211252911797223424
196115443
2558767470
3158293945
1188553065575731201
224364313
1364351964
943212626259136513
2807792652
792326053880528896
1204152787245969408
1210356935964471298
1210328788506202112
1209710000043700224
595525349
1205247095856402438
345581620
941812010899116033
1166977472803610624
984425161381343232
28841390
129135663
518348457
1208903107331182593
1191371025960841217
1182313422739910656
1209136402711138304
2345908143
1089956240384577541
25488468
4186082176
14285423
1171747823781666818
1011160938538512386
871702333675143168
1205138982427906053
1207764937466155013
65924567
70774498
1206481348510257152
825334635559268352
1207419568072921090
1069839625
1168917383412625410
4300120215
1207199508838387712
267238107
84639883
740600126960467968
1215242737
1206871261017726977
1206766630291853313
1206732524812144640
1206703150264180737
1206617803714891776
1206542957681238016
1206541223156158464
1206491789387075591
2316383115
1183089598542602241
1204555886347333632
192692605
1206318089807302656
948948079092301825
1190983825284837377
886757323032727552
1204445073984888832
278490208
948648094614376449
1184840106357788674
835113032980316161
1187264488485085185
170517510
2457673386
18006431
1858436972
1204021379844255744
1205317323902586881
254539503
836367218
1141687092210262016
1205240223631851520
76983890
102315256
18366158
1205131825384955904
2616856846
2725710521
1204943420596330506
1195564098131578880
1199507618395512833
1204799205098831872
735102566095282176
1204763951936032771
14383041
1659343855
1203324232681308166
55731563
993262330493448193
1204501822095970304
1204512278651002881
1190413644691116032
1203547076107423749
149416156
1145682864
1143849446159114241
221105451
276655392
1204397135518720000
1204372688493588480
1204381807585693697
1204364197271941121
29787802
884759294461304832
631923595
134693442
907514267548692481
1202522532907307015
583148946
951102985806983169
1204106040838627328
60924119
221345250
494401674
1204025881653600257
1204021603195068416
1204003161876451328
1181268071731912710
805827765513715713
1732985257
275710710
31394950
1203407778490007554
1192139116563042304
1899937987
2992981499
1024574197312446464
833314823685361664
2293560027
1203370421560782848
2507783718
1181953244098109441
1466684910
1202336422583296003
1201455533083025408
128591166
567270592
898151529345163265
1195703807042367488
343705915
865256234064252928
81078738
1202558058293059584
516561867
1655500586
1334822972
1027005495532511232
3044516401
395552102
1202213773467107329
790283579129524224
1633625179
1191341377424154624
156005263
1340645449
999038198071332864
888980089
1101936773415010304
341484165
1200213938677469191
1201802818253971457
375838821
4260193702
69091683
1367272212
784495981492596737
1201559844886646785
754059031950594048
1201220661244551169
1085208116776652800
1201130629330550784
1172240008943755269
1001055941536768000
2157349211
1201003873206493184
1200895508002291712
1199404219255668736
1200755030787284992
2726516297
928624352320544768
1200461559941730310
76909297
1182665906272559105
1200410489462960130
19153412
1187451146606133248
1085147355840696320
1157330613394923526
285573619
1200051732543418368
1200056669541150720
1187457731361476614
1200038288863694848
1090530399003033601
1160753057275285504
337941262
1165846575379353600
245556652
902415104406421504
1376421620
161026475
3107638258
984839516
4897874063
2337781201
234733773
2672997884
1199331382025170944
1059947583026749440
1069711076542025728
789643599289937920
392873592
349298726
2647355341
1198775492414980096
1199150951942279169
1195614892105056257
1178672733573517312
1029137757761953792
1193815282122395649
1592830974
1198953882749194241
34034031
196085213
32934779
1196894929575915525
1198682415826386944
1198613134308712448
227312188
835082896201273345
726475930835755008
2506171157
2201633908
73055334
1198363941514162176
306426609
3228358437
1198204069589979136
473854748
1198166405012709376
1253501850
1198039995434651648
498964808
200961280
1111213214
1197632048019759105
2883782007
99515710
111567521
1175731591307571200
1197555635421876224
69388341
1181956047877136392
1000509913708318720
2844405962
66416391
1045313983820050432
1098332489020510237
525291963
1197206521995780104
1197140833742606338
19938434
2961771671
474391267
50446006
1090352983110504449
847181114485690368
1178660806046683136
1196696671868112897
83633635
1196527020680896512
1196491657937637378
1182416131224670210
1056900000280731648
994349494379655168
1180123364494585858
1123630388876853248
64501931
422053936
1128586414176768000
1196050818501431296
1196158151021793280
388881156
1195962884741877760
1187091478407008257
1195736100033183746
66789998
4640883377
67429024
1195425371946201089
727405800168296448
1194312862820392960
1191916450564464640
1195381428395134978
915358503912472581
1165382838407106560
1195335800038277128
733096626
4124393414
710908968370085888
856566460646404101
1404170666
1194991769970237440
851351054
162720412
2881731712
1260250104
1594702040
1194875782759366656
1864658652
1003745769243987968
543679848
4364405003
241704301
1194393676144922624
91955956
2705210465
966200806256070657
1194215031044476928
72585443
1193939291354935296
1192785575260119040
505714862
1032302311404695552
2659977372
2765974776
1080504332947202048
10082522
28166967
1193065068252016641
366657386
47318202
1159821202749349889
1193145363152211968
522212150
1193131155505201152
3051288304
1057752847067086848
31855546
1186687737136590848
1192351011538644992
1192479630701289472
1060102283185270785
1153139210234277888
1192415725450932225
1164952579173998603
76342246
1192119033295966210
1192181596285276161
1192180173984141312
630610054
1191842239632330757
739540347357908992
1192126378184970240
1188678276828553217
985516032
549441003
108861176
1005528922228953089
1191966543619473411
1191814536636116993
1045932521500921856
1099750790
179270107
1312259934
1509907334
1173662330275713027
1149288648388612097
4697363652
132174368
1138489536076505088
1181321997181169669
1113660042606202880
1175554361872850949
1191234678214332416
984672306
394146554
1137653368032243712
794519173011566592
1077298103504588800
1185891239301918720
1083084483321049088
1190568310766788609
779707064146944000
1190376726465073158
1190366178524516352
4173898342
1189145258564698112
41416432
28869123
367331970
983053018072481794
1189950645907972102
1189852088387473410
1189794568256020480
1160940603796066304
3256709716
1118085367687675904
4867861979
1180945383826034699
977534508307308544
53927072
85086076
1162643153062641665
1189178751566827520
2934799805
1164494066509320192
1007661098
1009329895363751936
2680195062
1188757755424858113
2724268276
1187536875927605248
1188527872669048832
1188522999613460480
1115904790696005638
1158417559357706243
1188433891738214400
72578677
1188387206559404032
1188098371749318656
1187771368680673281
1032179061026643968
1173336252407529472
2246069085
1130492751676608512
1007566995041259520
193684152
1187724409882189824
1187673227474231297
2171261038
526066655
1163076672041750530
1185270297043329024
1157746550522691586
3222145636
1187423534584389632
1187388616001163264
1186623439823687681
1187115671773175811
956120705929809921
1185455867421962240
2944557909
996051062904762369
1187000001588858880
797112804083978240
1186946786612727810
966285601791148033
1182699763281678336
1159388079234396160
75643273
1120662328163405825
1186724081565126658
1186630556450246656
1162020475054301185
1182673522092580866
1022017072488960000
1539313844
1186306320229638144
1186046169220300800
173605089
176384519
1185908984039038976
1185840006650302465
4089262798
1185538882613456896
1185507510540820480
1185290496236773378
1168639069334790146
3187086029
160217703
56360451
897767104560103424
1185141420815986688
592744632
1181621309555511296
1184840392350543872
1228297064
1182358025165836288
1184799170512719874
1178769277790441473
70932378
774526328884301824
2656520918
1184706715905875968
1184677577631375360
1184437975834386434
1183448369596903427
1184218182237769729
1184099033465458690
1073189514619863041
1183903182956761089
2744537867
1183845771621343232
1183841069647171585
813575403583442944
1183816293247602688
28786005
830034176250413059
81620067
571112899
1183517700242493441
1183504420576878592
1101112711
1183466012718579719
1183458471712346114
1172075303331598336
1183402138782916608
1183394755046203394
1167442550287998977
1183299316531810304
1487774016
548282815
1183180597306503173
1042468879123902464
1030195561331351552
1180917842293731328
1732717604
1183031030644727810
68616656
357693140
1182770354781147136
1182763932970377216
1182273861691346944
600390200
355041856
