1367091752419606528
1234116982817140736
1366718707188305920
918823230693048322
1346920082732179458
1367018704194719746
1122280924866076672
1366934231029600263
1366919580959068166
1350239467509067777
1291059995698769921
3123266159
1363069922809643008
1175799285654401024
363008754
2421011009
4023576435
1349782906768601096
1365742528406913025
201871228
635311274
1356198755813437443
1366783458736037890
1366786789831278595
1366776623383650304
1366785082200055808
11534522
1304871187185577987
1291282425377628161
772069297975943172
1356983895309373440
1231651451174297601
1363004761042223106
436725292
1366485205826080768
2182054181
1366465231497617410
959481754473123842
1361761059250536449
1365466599990386690
1364713518877016066
2521756624
1366384758784225286
1364926809960235011
1366359530553114629
1366360405791174661
2721610294
39287077
1287359205972811776
1365465109116690432
1366262915670630402
2295512985
1302585651053973507
1334654894754713601
3384562234
1366163199586955267
1366072206686584836
1042856367994929152
1366092658268061702
932273174
1287383491366334466
393310742
1366031245638049792
1363469331645005825
1365618820057071625
2538059695
1348586177578807297
1365986339582279682
1365974800217300993
1365249342089670661
717801920509964288
1365953957512814594
1363582923174252546
1365562815038242817
2670233424
1365932656064679936
1351976971635478529
1365817824250372097
1365762710907084800
1364543694519558147
1360679321438875648
1363818197154205698
80386460
1046909768814800901
339275570
1365566842073468928
732447966
370752146
1113549974
347866435
1359099770795614210
1362695734743752705
1365429983502622720
109840833
1285934401898065927
1365373668805783561
1324468799391866883
1295132184060272640
1365227014203072512
1365042315572768768
1365291307846033415
2841159383
1363753784787283970
1242753657424183296
1365205432587935746
2282223141
1362270222758146055
1365048800184795140
1364902350520000514
1164818904457158659
56099831
1359921241172422663
1364995373811531779
1334215967505833987
1684065007
1123993467552698369
1298754317999112192
1364939998051598336
3083760543
1355579813289930758
3078159273
72302392
1329094970112937984
3917261477
139396242
1296508193657495552
2468043644
1364697703209447425
587432713
2426125644
1364662309633802240
1328001273321418754
1364568139548229635
1354880619394732032
503516848
1364496131892379648
1187360843954053120
1364333508546723848
780114145
1324426485273427968
1142179276302835719
845767023586086912
1364315456476237824
1364307332361027596
1364294918496260096
1364260147414126602
1246513608005214209
1347973708728721410
942528695218122752
1364229347050213377
435768029
1407123246
438730839
84071317
1214723667629764609
1363810399729115137
1363496255628972035
1382715066
1363982776710672385
432760465
1196878458397302790
1363956233607274496
1297212787438092290
1238528268581601280
1290358544391450627
129000149
3034834636
1258040711716507653
1353176260302745607
1301763641679769600
1363480043306037254
1363812871768068096
1363796921148715013
1363799090925043712
2354449646
1028018745472688128
1363761840946360322
1324821894584061952
1379005928
2291367069
596762208
1050705849730158593
1363642796712878085
1362391624173555714
1174111224461692929
1347945607806246912
1445893080
1228415935993786368
1362855031888822273
48394264
1363527020194447365
1363525382553665536
1280119956538109953
124557522
948128682224308224
223241188
1324783813369712640
1348674590998978563
1363427025906774023
1363454397372653570
35278445
1362877611341414401
31058557
2801529319
2178643862
351083767
1363217881568280577
1235762290231840768
141720329
1067881099420987395
1363187830000934912
1927771231
29711137
2550864349
1362830576798101509
26667326
1554989365
1363054319243833345
1357054433784389636
1229135868260212736
2541038927
1363073947428921349
1281370315726217217
1238715899714121728
1362901303417004034
1362889759434153989
1362095924424679427
216305703
1002432956084912128
377590012
1328560943828267011
107542707
1282263729040756736
1057601664083992577
1357789578724335618
31246300
2580326604
1362790684873359364
90269599
27722642
1349707475478568961
938163113790189569
1360499842804559872
1565780678
2781599699
870181538352201729
935163975976747010
2376760786
770916374524858369
1361374608214081538
1008870420
2339745723
1320890686267400193
1362542998999941122
1362519537124532231
1362473096888860672
795158145609900033
87954053
1230369840982118400
1246513952642797569
929994224933761024
1281858376864018432
1362432162478379013
1362384712065572867
1362006073784360961
1362357946433363969
1362338809548050432
1362325707377045506
1362288733140246529
1250985248621461505
1041676671391133697
1362161102268858377
1362151138120892417
1166670918963404800
1362132242659745795
1005751042942922752
27314433
1362083652197302277
49599489
1228214065
1302772043541340163
1352574849525415937
1362022506404708352
1261035422110679050
952232833
449276824
1361828194739970049
1075019975763611649
1106646047189856257
1361780718184071168
1330166042144989187
1361771808442245120
1175121340279525378
1360745986944073728
1348019724198797314
1361675807098368000
1322981399880736771
708817798789595136
276504884
18979562
2789794699
1361660032115433475
1349031523316621323
789814561
1361589084603510790
1349590854
443074027
1361348775000887297
1344802697619365891
1357247708554223616
274469794
517589381
1170702462778519552
1361369861100875778
1214610827250143232
1361322455189618696
1357616110816923649
1077358814947692545
147923538
26083767
1354410635854020608
1361242269161037824
1198678815385489408
1361082442304618496
878923339187802112
1347235767018524673
2465164274
1361002362425516034
1276192660378746881
1001073174354780161
1277254744797478913
1197766821480407040
1027214034993602560
1229109517918646273
1360932454463385602
1068581017831772163
3195927855
3238478008
1358354209847009280
1048891168241700864
1306536347776225281
1360741701602717697
1360728834916687873
1118904392126816261
1360665196767903746
1360690112657575940
963950220
1178216711323029509
1360645743221047296
853996495942627329
1360031187914350595
1360638845436502020
966251334960902144
739180805474385920
1145717888755609600
1360551197619462145
1354324086323867650
1276272565162516480
474762354
858427980
1268118529729073158
1359554372917743617
1360330237544964098
595497574
727801476
1360119101880950785
1149632889752936448
1360249008233537542
1047409759777947649
479555067
1346404099508621312
1121147503498412034
1360193437073629186
113581976
1360115130802073601
1329927676774273030
1215979261649014790
1325142625565990912
4699519334
1360005520040558595
1323728717118668808
2160825210
1359985074800898051
76413684
1348733426149552128
375525771
973226534944337920
416511546
1135491406175395840
1359929374691233793
1359898599694417920
1357303553950367748
1359885667816374272
1355872101962403846
398792263
1351228687367237637
2695235688
1359834018703884290
707212180828061696
3076705175
1359107805257555969
1354420941078618114
1359631220938792964
404832583
4394343495
1095087198284759042
929634405685121025
839139459576827905
2642248337
1358098202088665090
1359456027796725764
1359481535435538434
1561522784
55436007
188686372
109846945
1359283915740106752
1359257656347811841
37717811
1359236677689090049
1357358634989195264
1358364137957515267
195687776
1359188421835714560
1041771397113151488
1352392782506295296
448967126
1252327148200898560
1202693623902547971
1140992299020750848
91310617
1265191191085297664
1359087044220375041
1359082021776207872
378806592
1359039398164242434
1232558169282531328
1358648514381705217
1123940160079585280
1358434024658767880
898412278189400065
1358924668086988800
2958761362
1358826665032486918
106402325
1279933415907905537
1358846295637712901
732832997112729601
942167041
85438709
698301249729523716
1348270969140498433
1336850324380930049
911247247
1358521573196636160
1358490887014273025
2644334531
791776796
1358455713320820736
1483503217
1358412112796729344
1336974137080864768
1358403969652056064
1358388000519032833
3134222597
2722114437
1354310821409599488
1356470653508083712
3201403341
156378225
1324691786145681408
527924077
1356555481033007105
956087227511201793
293501198
861590126362861571
1358155257419816962
68482958
523419768
1511616164
1357810421995036673
3434073549
1358075283392385025
1351958427669569536
375291555
1355914065990848513
1250443298751295488
1358011690894446592
1358002133199634437
19551975
1567704313
213250775
4893347457
2170020167
1357809142296158209
905134316669341696
1357764168124932096
716350571482112000
2182437425
1320399201256284160
1322115018
756555822533058560
1345737320113307648
1312497133287804934
937367000069869568
1177717117560512512
1002972024308994049
863633306
1357451517381533698
1357428597531754503
803279695
1357405866534789123
1357384583629729802
332100252
1300409256752164866
1357344329950326793
1357247695057006592
1338513183674408963
1357252086291906561
505132358
1352280055360192512
14320778
1100782088381493253
1357066768016150531
80288716
1357046305269440512
1356333280233201665
1210264804037996544
1357012807955460098
1353465840583106560
1356988145724755978
1311343368106962945
1330610168422412288
62677146
1352960528130449408
308754217
1356858499628687362
1356772341506793478
1310921923753320448
1175313522881961984
174701113
1356681954754723842
421938080
1334476236526133251
477879112
1100786934069252101
1356568962067218436
1239966756795539457
1338946348914274304
1356511325330018305
898750808
49431089
2412015459
1350710749660852224
71101366
1356228839307964419
1176895648815362049
1356328327842308099
817090091755704320
1356215750768340993
2379283441
1356350712398163968
165544191
1300929213017534466
1259096776780505088
989463378
1328724173783396353
1356215273012031494
1356213135410143233
390678487
1337053689744330758
1283137144576528391
1356181002717179906
1853963959
1137542162311196672
1347345985819856899
216126409
1355970421250781191
274423714
363617550
1355913809022623744
1355522958282928130
1351955018820235265
944604219964870657
846390406040473600
33659846
906234968657063936
1355618026335449088
862645974535196672
1278422912979132421
1345347271290925056
1265498142667128832
1355703805359370245
733595016732413952
1355670018479022080
1042482199839236096
1355642919672311813
1335539152906031104
1300142344487030784
736751826
1355574888594100230
1161691829949149185
3127736770
1230216889311399938
1325172194796859392
1003278240583241728
2788140609
1319987002608095232
1350359965001797632
1144262699204792320
1328366507403907074
3351111286
1070747973636759552
804641780167770112
904254312
1355270177986916359
784852698889916417
950389765
1355233300038692865
1313102964240850945
1263710424031203328
1067374157053214720
1355213330034663424
1355166528405188610
981875438275514368
1352642048734724106
1017910182888792065
78947228
1474016575
1355109168802357251
1073624100
1355086902601404421
3261883329
1323582618215030786
702807304660504576
1355044757572083712
16526849
635673129
1328417242061615105
1352086882943979522
1354808153490120706
461326515
307752452
1333993813837230082
749924920025645056
1354417691151507457
1274275351
1230224218736005120
1027988761290919937
1354772527638323202
2462810547
3368217137
1354779179431170053
2742617974
626229135
521292218
1353823626869530627
1346904308269391880
947259258533498880
1292390851461685255
1079281057
1348036875198541833
1354476159216607236
947927713804890113
759196015710928897
1352178999733137413
1337667408027217921
1342922663728209921
1354383634619314176
882104763818627072
2741585422
56078975
1353977092480888832
1070305823551819779
1254757775135080448
340601104
1353397495603277824
1354138485389750272
1383890976
1340213912260780032
1341815052496642049
1345850442358673415
1354034252808155136
3197923426
370769022
1076592751
46977815
759873647809007618
1148347917113147394
386524630
4833326440
981208751557328896
886030399100637184
907005348216754178
1004419121566617600
1085104797722791936
1353811322253803520
1347568002238193665
1353785820008878085
1286320957905395713
3408497729
389088903
1353730196071972865
1352977610893099008
1353723171418075136
968863061431017473
1353698924880666627
1353624153312657409
1345688650227527680
1353290526892683265
347194113
1113507482368868353
456560703
1324363103610523650
313822969
1353592545587163136
3299142897
1353551504721010689
1353445378989821952
1262510033285283840
909380887091048450
1353445257569042432
1351643690582814721
1243106683477467137
1244030247433052161
838355187999834113
1352924200466579456
1353341394044248066
1353332887937015810
513418897
1198097979552477186
1352678987257020418
522400405
53922555
1116872912726679553
1096539999904894976
1353156660601225216
1348055494401921025
1174069848005103617
1317506884908220423
92488675
1353085096870469634
1272857958418915332
23496732
1196491325237059584
620861612
1343185855083667456
1327961878514065408
1334615633191972866
1352971039693828098
790059680
626714604
1352871315104030724
304608238
3126808498
1350944474986409994
1300038185314123776
1352641329445146625
1325205330981056517
1059743724
1352157236529942533
154068163
1352706232889602051
1350584710800564226
44698226
1351574535200514050
1352094195893329929
1292809834732171264
1352618994910572545
30861191
1352586001840017408
2320058973
1352561436799725569
1265525870111993858
1352536644562382855
215044244
1352309562674720768
1340435207170748417
1352411915717402626
1352391014066122753
1352407525107380233
1081494680246935552
1325001350393040896
1003301972303319040
995466510
1352332285673144320
1352292937435144193
204871105
1352184026036133888
1352281276930265089
2171308817
2729946657
838036121460305921
1157732866438160386
1351155699829583877
1311423232260669444
63668145
1352226194645807106
1351283094268096515
1351972058360651778
1351617385002889219
1352204029426872321
1352193687703478275
962237606
3315291220
402262771
1352186027293765635
1352184135465512961
1352181173372518401
1136263218689642497
1352152991533592576
1352158497354477568
1351957584530599937
1352156535510728709
1352152583432007685
2561757448
843081813321043968
1256514846
923908077421776898
1292036105165049863
1351161253608235019
1352008073800511490
1352007921098481664
1351914355395350538
67407712
2227056821
115112830
1335358918063697922
1351993081273397248
1351971951020040195
1351993725975736322
1351955739431075840
303952513
755027991399436288
1351977924778479616
271099189
1351945412014448642
1151427643
1231467338001768449
1262759647103967233
1351962165348020225
2352116543
4392598893
1093201348152176640
1212814942597832704
1351959033956208645
1668336720
1348706074254303233
1351956232102416393
1351953531603968001
516815297
1346450969073217536
1351950658438574081
1351945876126707713
724177081463148544
1213828831896670211
406624335
1118642792224436224
1351936902769881088
1351933197437837314
1350394046703947776
2976037816
939580977411772416
1351904947802091525
1349958416761049089
386554261
842448109
3297875002
768879407696150528
1259226108
1086307929836408832
1347699043925897217
1323896546123984897
1351679231764422657
1351671787910811651
765889700
1351655768643297281
1349614331353313280
545530354
960979469849780225
1135559526231531520
927648826390990848
57843630
68939598
111452394
1171155945281511424
1068602771392344066
1346379885657395201
1088116834761625603
2728554029
1160284182716846080
1351245965014036482
1320371438642147328
1351290705252122633
1350930787697356801
4805984847
1264144505172877312
110660765
268467314
871398796051312640
1112636000562565120
1328017336268361732
2673933205
4415277022
1350965109850583046
1351095476314124290
1191365728366157826
1350923167607508993
1879447111
282360265
408662605
1344737121769316359
1223353316782022660
1350933504058601472
1346976254570995712
1350924597076643846
1103595972
1272390112874291201
1350881335905300482
16240598
1350872008184229888
2569516659
452316070
1076192145017630720
1350805000180690944
622639730
1343840371868987393
1350784510183546881
1350173949796220933
38711941
1350747620025765888
4189169129
1349135814391980032
1350685194840395779
3050714350
1333074296558776321
3183022348
91894375
874750440788955138
1350553542805889026
1350549739335536641
1155176103989972993
2427734329
2417541142
1348568373567901696
33178638
1333769235877810178
1203506394978230273
1350471055454908421
1350460643904806912
1350448732043681794
1330637604170194945
1340010897155211266
1239803178
874400905
586862153
1136154094828228608
1350391057838698496
1347839568062672896
245761137
1349794616166543371
2369228079
1345306306861813760
1099004346547748865
1350290805219610624
1346835309355532288
1099353566953832448
1350210474923667456
1350190181404565505
1350162713356464128
1577951239
1347131038305316870
1350069408199307264
371861089
1350056879465095177
1164227230882586630
1349997558203117568
1349658189369905152
1346506400252518400
1349895593871732739
1293959115316899840
815220976392830976
1628757241
1349832324649725952
2736685402
1349806120970448900
280926639
29299782
1349762294515953665
4897452617
1349721735776641029
1345873604030951425
1345555997474091013
987698092521787392
341127623
1295070289500540931
1034754162834243584
1348257595136606209
1051194260635172866
1349637008625438720
30678170
1348010953762344962
254450880
1333897057757696002
57594581
1341005305426145281
1115610646731579392
1259879965266513920
1349463786013470721
3295573312
777405879624855552
3244710963
1348702984549638144
1349362627911290880
28007696
87265120
1349317258083004416
781456585
2968730493
1093106924709728256
1347254283562061827
1349273923872026624
3416323276
1349235566865477632
1104186071816916992
1349186272552775683
2477466750
34040446
14901627
725554465
4172513483
1349067796941041667
1349069343280287745
3243657965
862651584777289729
194883590
1342872476414595073
412505067
1276865342560702465
1349003339586011136
1348956314320445440
1348769287171960835
1319356593159495685
1348952771236663298
1175402311256104961
138424176
1348473656687685633
787161774
1346918394851971072
395839776
10551722
74961584
950717820710596610
2371667423
1348720911902535685
1333477322104696834
1347909074285961219
1348702474417401860
1346907536159608832
1348687541407526912
1348672781605601280
1348657486736338946
437676188
1348594423467302915
1348568997881643009
1348586110423805952
1348581757654855682
1347670029194690562
217500122
1348562492289667073
433257698
1348540712233611265
60914623
1315337484272906240
2716767383
1334888945272971264
1348360324240584706
1348354664794906630
1344936454603104256
1345770156077830145
1348331215758249985
1133808332458926080
1345486278649933830
830176944088109056
1244192957063929856
1346933382555570176
1348217631900393472
54004168
2967442469
1263813247112753152
1348197301186134016
2389309784
1348184214827638784
1348181277892087809
82011891
1348068940082245634
2986867249
45223847
1348032556915163136
1347181225740546049
1875914724
1348007388188700680
1347997966271991808
3079383862
1347976083967266819
1081930035555115008
1237017207655337990
1347961343073251329
1347954129629569024
1347952161385312268
140852008
1346927459552399366
1347922856752119813
1347912689083961345
1347899946297659395
1339532401140228096
1102114451132690432
550408595
221843662
91561533
1347812965924417537
175317547
1347793921028595712
1221211826316288001
815323563142090753
2344710922
1347692101132308483
107403333
537464587
1042531454
1347598172349214725
2316866868
1346868220368719872
1347574077570084866
1347568507635040258
1092524784641032196
1304006909469614080
1346936090834460673
734933868
1474396332
1267907077978152960
818927250284433412
1347511316144123910
1299469165741342721
1471656504
1306889880690216960
813304316081672192
1347371573351690240
4054412206
1220267481857544192
4915294463
1347295592523984898
333056322
1119495825258946562
1347276879879929857
960937704
1238142307557347332
1347256376079380489
1347263430407954433
1346920082128203780
1056065223419924481
4817023108
1313101936267268102
1247760089752068096
1347224794220138498
1318284316774903809
1347197841865908226
93897488
1347179812968927232
3078063257
1347156899356155915
873622630263345155
1346936728398000131
1347094098470203397
1346931998338777089
15529140
1339339513982840836
1347126303334555656
1343990558348505089
1589495252
426109208
1333715688976953344
1347105813500932096
1383174865
1347087723140669440
32839685
1347079392783183873
276221105
1172200423333060608
1347038722743803906
1346913956825358337
1346978790145220613
991061491137695744
1067573476184256512
3089711374
1346980112600805378
940949630
1344605162988597249
1335898446142836737
720412538
1046514703
27839294
37245376
283016979
1346936852658466816
1346946619892236290
1346940231078047744
1346946889883799554
1346936749608595458
1346939703807897602
36164915
1346939134192005123
22931488
38654859
4600423048
1346934757381312520
398992614
39459203
1346937187166789633
18670185
1346919379246542852
1346935302967992332
3423763019
39029183
1346935385406857222
953266545236545537
1346931293838319621
1346926339094319105
1346931727193628673
110532061
1346933122789736451
1346931984795373568
1346931416823693315
1346929098946441216
1255513283559395334
1346931371571294215
2295717166
1346915983525556226
354279611
1346923713409769478
1346915528225517575
1346923056481136641
1346924926918389763
1346919532707913739
1346920459019841536
1346916739611766794
1346919745816293376
1267148354817056768
1346919999479361547
1346916064060436487
633157465
1346911394914992133
1346911527966658562
914506453813272576
1008469436607746048
756221684940730368
46194667
1294320156534018049
798630424415236096
1343531518552141824
1346883751968714760
952536288359481345
1338589623606505475
543481336
1346755133179383808
1346016005114523648
1346582592104050693
1137779412290756609
1323925668242067456
3372303653
1284958717662965762
1292592039964672001
1342733959344648192
287283603
523050840
1345808941943566336
1343332517424857088
1344976638308708355
346690956
464592134
883538028626661380
832607711489642496
342971374
1330321875264745472
1345690501140328453
2419063065
1345459590696206346
141339615
1290965828586868736
1387097364
1345974796539064322
2217935107
14283917
1345874004008177666
1345872656084643846
1154315004956631041
1345836520536727553
166732826
1345840357087600647
1278352881641545730
1327309665928175617
1341335538578677760
393933780
1341789186135887872
1269222877188034560
1225770676952264704
83797948
1329569347384315912
1345376915889270785
61875589
793927204879089664
991098010057797632
1183847344854458368
1858436972
2909022521
1338912154980900866
1345433809802637313
1059468982573588480
814604960965021696
32997553
1345357633285447680
1344607495545708545
1345252889510486018
1343130316198846467
877505073374515200
1345023516631064576
1345067325536481285
1343180031154155520
1344734815623507971
1322660035130986499
53426273
2730905155
1344453793010868229
3044585843
1344355177000800257
1344308387929063432
1341826474924535808
1344226901762727937
1343640928645427204
1344045498861301765
1707669258
898296057502859265
31385076
1343535271053242373
1005525991945621505
1343980355993427968
1343935284967301120
1049675490146099200
1342646547490738176
1312780089218813952
1112767685853671426
3069457631
136980577
1343302026709630986
1343221314727899136
1330291142567604231
494038459
1343164219672420352
167810009
1341054934129762308
51137168
1009002169809457154
1342857532839256064
1342835329162743808
1331184991305424896
1342739935913267201
1342630654886998021
1342569121578364941
829739988921286656
1342558878777667589
105266009
1342122241660755971
1342265346531741698
163581474
1277305787099029506
1729613232
309295692
492439332
1341295143085879297
1341863267082395650
916711711
388218897
1232742641944743936
1332599044250734592
1325030236858298369
1341533263773523968
1282410028830515205
1341441729514356740
1341384688720629765
1326860924486103042
3107638258
987486896237568000
1327313733295763457
982354837630341120
953128091924054016
1341146909063454728
1325177974639849478
92110802
1341031821044277255
1078279644204408832
1332796669927297024
1340936052106813441
1340657144874622977
1335604188064206849
933823463877496833
1338613835230535688
1340539116296015872
1362009673
1340049146158477313
1337064026472374272
894137185
1131567815557898240
1340088899876638720
1340002104883220480
14709695
702797993339195392
1339733930363277313
1339710269312946177
1339699091492757504
723938985337360384
1339671878592581633
1333796116186316807
1339625811742212096
1339569639614009344
1339508945271091200
1258375109653471235
1339467937158184960
1247807589414342657
715007570524516352
1339315787211939840
1227240032651493376
1339270217806000130
469513479
1337820926373736451
1338601634348326912
1339121711372001281
1339122001043222529
1124059446378999827
1165321082259353603
1338956651131506688
1338892335338360836
1338877437078368256
2157177769
708386671235100672
2781715796
1284456461536571397
1338626180111605760
1338769841273131008
1308147897146511360
1338745491610284033
1274698459954786304
1337544438701301761
1338622720695799814
427932015
1338596265559535622
1338557693997486083
1337879458196369413
1338516597305208835
1338512100340215809
1313925153575890945
1338474089464344577
1338453398807597057
1271821734417596416
50678689
1338141550400966659
860347200
1338344879429197824
1338266711762612226
804058230741762048
1242168061676978177
1338245256203087879
1337963084686774274
1337894492205162502
1337894860452454404
1337893959402708995
1337830048397713410
1055728390433595392
1337812920521142274
1337789926725853188
1337773993777041408
1337774437568016384
1337734754486063104
1288223855488708608
1337718109709463552
1337577540895076352
1283697800769921024
1337544975538663425
1294248670993547264
1337521942698610691
1326908815707693056
292916120
1079133532650463239
1337428386524897281
1337374016311582722
1337319010128588801
1323359975440343040
1337128963391492099
1337107671288307712
1337081826335223809
1337101847098699780
2301046823
1337079734698725377
1337040451925401602
1337008670908018689
161468223
1832592872
1191253045071564800
1336920684073771009
1283112410405109760
1321427478972346371
940432311614570497
1333877737279401989
1336786756612591618
2738836486
1336674940163153920
878117994467086340
1336620741614301187
1313775971296849921
1205654574205460481
1336539674500878348
1241474754680422402
1336478786213322753
1330881161665581057
595680314
1336400543632162816
1284019390900580355
1336249181984468992
82862935
1336362785358434307
1334654351806230528
1324664641952382976
1336308191769071618
2177543188
1336305406122094594
1336300374379143176
1336297363984543751
1336246955870195713
717774036877623296
718536210029887489
1336209851039551488
1336112776855625730
761918584100642816
1335985325416591360
141889607
1335937171925200932
1335372104318001161
1335907198170443776
1080603291925471232
1119137192071163905
2218339727
1335742434601472010
126618015
1335715477977509888
1335698671648841728
1332688265976164358
1335674560017014788
1335657026333061122
1330158723126484992
1331119338313674755
1335623151087194116
927961244891533312
1335489376529346566
1335569248404582400
1335559167382319106
1326795745475825668
1335386432039432193
1335352594936586242
1321858505628917761
1335319532962000904
1335303275357278208
1335285084505640963
2417577064
1335195082249695233
1245267196584001540
1330690169125679105
60054007
1293622383660740613
166280355
1334872669934792712
1334866240007966721
4902698218
961217351990595584
727562380125818880
1334106016951177221
1851996282
1180836004015562752
1328940152325107713
703842023808184320
1334593227693887490
3479145616
807883983421865984
1319974086274109440
1334279487878541321
1334400837041475584
1334388667071205378
1330080728625930240
1325493914103590914
1129492380242128897
1334253292478672897
1320397702111395841
583169335
18998300
1334181507569754114
1334180646848253956
488459571
1334147861014061056
1333698242756943872
1334074467316879361
4184157375
1262331577230647297
1333407546976165889
1333901429665357827
1329038325706076163
1333888062460485632
2733223407
1160834896925007872
1325170711158116352
1333168693715537939
1118506503265239042
1910325235
1333734620052000768
19333843
1333673407985147910
22570250
1333373426682253320
1333132242001006593
1276937656820260864
1077912359941931008
1329459603046862848
1333406674577731585
88001109
15034076
1328682232643510272
2174661518
1027911072492257280
1300147522019692551
1267104400792784896
1332395996698054656
1115367528073760768
1252282656395575297
3008069372
4420974340
1332654222970597376
1333026718295203843
1072935201569857536
1326980911116804096
224703943
1239857042384453632
63556896
1332898738147352578
1332895331185532929
1331208990248808451
1332835344794996737
1332828889333309444
1168177056145973250
1331700087219695618
1720099086
1332722701174190080
1309453624829980675
1332623346173943815
111018534
1213039833318223872
1329339472413155328
983128711523459072
749114929
1013487002304630784
1332445432103006212
1332432804563529728
3124888791
1294329264867880960
3288757865
1332056350491283458
173656874
1326826122345127936
858398100
390967146
1331898267848880128
1296044944038277123
959731336914272261
14130966
1319305269583749122
1331691538049609739
1330837219100270593
316443131
1331683335568027652
1891296636
1148589260628529153
1108740883946577921
1331558779104714752
1001447028075974656
1331300778389147648
1196461306712383490
1040508242
1066278348425433088
581166952
1215223075471548416
1278244347184635909
1331322312008880132
1331287142228774912
55366311
361789458
1261783315016712194
1272234110900150278
1331065118814310404
1331043294361608192
1310236258543730688
1080887762
866102430
1330976866900045830
1330974390683570177
3365785413
1325172898227646464
1246262932968701953
1330916262373953538
579093026
1330892617903726593
1314530300551213056
1329794334
1330782192876855296
1330720604991881216
1330694048038973445
832715916160806912
2351536941
1330648212064112645
1320993925994217472
1038851079834927110
2941127361
201674330
1330566502064529408
1330559219146383367
2729295792
900020667722215425
1325822846581477376
1330280539954286594
755843862480814081
1330502615684288513
1326431952321327105
1262728925110849536
1330461093689503749
1024444357234110465
1330431885873451008
1330333794696630274
2294266685
1330212992697462790
1731797970
1321535382140407808
1330282462140899332
827855121186947072
141191137
1329933047475671044
1329842938617221123
1330220857906565120
70093215
75753961
1330211036029460485
1330190857740447744
1068991671826817024
1101966203067793408
1330120139694612482
1330143280089149448
1068994016363143169
1078772368875630592
17486550
933224144354779136
1330069342453641218
1317794233907105793
612338782
1329797804483612672
896147424821084160
14606990
1329879303354454021
1329854181046411270
2354399727
1329756864410755072
1329740797659504641
1307916980624777218
1329710583034355713
552136884
1309229359346135052
454057836
128372036
1288026732
1329541655939133442
1329510901314150400
1042760238875779072
1043057922
1329476357290602498
1050077644459528192
3495295943
949841788172464130
1329403738755358720
1329396876249079808
248673535
1329371259491266560
218637774
1329356151868305409
1239699784681824257
1329243048014991362
1072059024
3342214096
719137813472624641
567786318
1324663843113586693
1329088879878565893
712891218599010305
1324671985817997313
1329024471546654722
1213442750432985088
1054808845833396224
1291685809146363904
1328970544448999424
1318862397998772224
1328960018692132864
908283444916051968
1008075185180807169
1328829774941319171
1328808407227375616
1328608821045047297
968606528570871808
67267424
534645239
1159122653501898753
64095971
1328757197111783424
1328754571716472832
1328726243542491136
1322079358153035776
793593704
1328679477120016386
14310067
1328629754476589058
395152076
1328605815209668608
1328535955305877504
14113209
1328475257427124228
1328462032052625414
1328438902433198081
1328438905281130496
1325114889753518082
1321785115652009984
1328406134567424001
1328376683838234624
346917085
1328341431572959233
4142895087
1328282646405926913
1172240008943755269
1328267530587295744
1263555846052683777
1328233124656984067
1292814777308213249
1289689244886335488
1328035177927479297
58554071
475393896
1328012992529707010
1327994024855265282
1328003262159708160
1327991139853602822
1327982983341608966
1327985575681519617
1327968169332498432
1327963453013811200
1327936713637978116
1327937030039465984
1327925696325365760
1327919402088620033
1327325716518739979
1327914024286244864
977534508307308544
1231104552587399168
1327768799483994114
1327747400933519361
1327724950363500550
1327722166977253377
1327718514057162759
1327685046904508418
1327668393462390784
1327645977654779904
462122519
3101619167
3090596988
1327575684106113024
1327570498637750272
1327554136351649793
1319181609594179584
1327536878032211968
548525527
1253045765695569921
612500966
3183064893
1326598301383352320
1182350249165230083
874309354945736704
621293846
1327377284626526210
1327363610700550146
1327354221407203328
819516737678954496
1327349481927532545
893159193779351553
1326575149244616705
1327326996335046657
1325120162840784897
414623003
1160666406230351874
3226813930
1327267932175536129
1327249271977107456
1849196858
1230807463919747072
1320444901545398272
1050886385186557953
1305613832560148480
1327172681335238656
1189981735804637185
1327141617527107586
2291821925
1324735558283894784
1257017823781625873
1327015815078694918
902250039476711428
1318262909420568577
779764642411405312
1326992771731877889
1323668843089285125
1246099888892452864
1029430581191434240
1326971221666385921
1317815001462296578
1325072904258801664
273555252
633728179
1326942493955551232
88943854
1326929570344394752
1326925049882927105
1326922645938515968
1326919325559754753
1326897283116445703
1324992154352148481
1326822583266922497
895357825098100736
2210577962
1246485663689646082
1326672782336413699
1289605775833300993
1326653877358387201
1255875365068775424
1244387969626185730
1306521989994213377
1326616286416281602
1314272839965593603
1326588147145334785
1326237622264541190
1326572382455275520
1230327263553630210
1326566259304108033
2429094059
1326550676026003457
1326546719782285316
744824273714487296
1326498319074521090
1325199230508544001
1326477553641644033
1324653613944365057
1326440132564688896
1326441198404456449
1326430490283438081
1326402281215029251
1321852871474925571
1322102179130474497
1324919496725958656
1326349627059269632
1325582693506158593
3039114125
1326299824061353984
1326299615482753024
1325454708274835463
1292194574291566592
1017475147471769601
1289643977726205952
1326272618274631681
2546282090
1365309571
1326263260514017281
1326261466543042560
1326259359328968712
1326248416821833729
1326236768488787969
1326237378298736648
1326232969439289344
1326231236734496768
1326216328450105346
194715991
1326203367765528578
1325158316901720066
1326188946548793344
1315346878918275072
1326172957471813632
1324701382289563648
1326171830697201664
1326143060628135936
1326128870693744645
2231520057
1326113026307710982
1109102594612477955
895252563712462848
1154489860390080512
888248068344135680
1319178321779920896
1226753045951848448
1326000125479694337
515646095
1325791984473284609
750398721091862528
1325231533268078592
17220596
1325919984363696130
3235102827
191781344
1325911982101450755
868286231444164612
911673782410113024
244646590
479855608
1119693434967732225
1200940969
1325105952761278466
1325829496424030209
1325825098134269953
1553877230
1266841930689851392
1325790220357423105
139490510
414673146
1325728108096475137
481881652
1325708992526561281
1261926130682036224
1308816041959657476
1280813522616815619
2421220660
1098357444063965185
1325555665486671872
1024022389
1325135103740162048
1325559393417564161
1325555505482387456
1324462005512818695
1325547667204796416
1325180406321328128
1325542127456165889
1325482410180546561
1325535923615002626
1325509331626958856
777800430
618137878
1325500735153434630
1325489014439284736
1325490684057579521
2994094818
711388386
1325463582897807363
1325456934774960129
1161354668548730882
1325442144216166407
2787881234
1244995983777333249
1325331002928091136
1325209113102413824
14325584
1325404805565702144
1325404675554897921
1322954733267623944
1324671339156938753
1325394690716348417
1325388995635843072
1312856303203749888
1325379779676299264
1325378512409284608
1130966822029844481
1258045349182214144
1325374496547745792
199648609
988688242689134592
1180133547115532288
1325361491479040003
1325358711083327488
1325360190087172096
1177602804837507072
1308810439934070785
1325356133457022976
1325339280781287424
1325346760324239361
961689206321041408
2409662293
1325341343762276353
1224959882664796160
3163686962
1325295209463369728
1143592263475499008
1325257614754713601
857529402044940288
736699480230223872
1274708209203384321
881498278092824576
1325231521222029317
1325232963525734403
2832670331
1311806360267390976
1325231458739425282
1325226625328410634
2420783494
1325223005694418945
1325222718506229761
113354849
1325221985828352002
851034167840309248
1325220567713189890
1325218525577928704
1325217804929409024
1325208075649904640
1325206688811642880
30901935
1325198237372882946
1325195525637988352
3857198249
854411113
1325190210972430343
117220404
1325188415600685056
34225776
1081251622389469185
1325182309180452868
1325182718594985984
1325180138884116481
1325178137915789315
1736512662
1325175037297504259
1325175097926152193
2462769405
1325174569687117824
1325166163542773761
1325164189850202113
1323662828218294273
1325162268338737152
1325169130740314113
3243088035
1325164968912719879
1325165817168859136
1325160976627462144
1325164180681355264
1325164726050054144
1325164916119130112
1325162466293149706
1325161913551003648
1325162645276667906
1325152010233126923
1218280439619760128
1325157322302185472
1325156683727986688
1325150063199334403
1325152755502051334
1325152061437173760
1325150997371445248
160583871
1325149583912079360
1325147933470203904
548390411
1334881898
1325145364047917057
1310255860145434625
1267076752188354560
1325143926278402050
1146377704977121281
1325143915687792641
1325141241881714688
1325140791367409670
1325140777811533824
1325142746043068417
1324439034073124864
1325141878887518209
1325141147476393984
1320339563001319424
1325136941868781568
1286240142546677760
1325124541518016515
1325140579773255683
1325135883071344640
1325139853823127554
3078179835
1325137118411157513
1325138529932910592
1324827857265242114
1325136443501498370
787417834133549058
1185035159772585984
1325134741411045376
1325134905341304833
16009362
1325135147105054720
1138218911416168449
1298260027052945408
200998440
1325130334850043905
1325131201724575744
1325127815960948738
1325128710182342656
796108437251825664
1325126416455901184
1325126771553939458
1325127073761914880
1324426607428251649
1325122642156814336
367384086
1305437108853764096
436778436
1325119147005632512
1325121002045657089
1325119861601816589
1325117509259943936
524362433
1325114595762180101
1325114609938915335
1325114439474032642
1323616987692544000
1325091906691473409
725655902
34882225
1325065657684271105
33489817
1325020389995581442
1325001677724921856
247799468
1224783763412082688
1324488710843437056
1324905060745273344
1324892204129787905
1324886602754240513
1324853997082218496
1324844363634122754
1324842489342251010
1324820206007525383
1305194330156675079
359327386
1324806518290743297
1324809067047636992
1317215363067727875
1324791760632139776
1324792416524750850
1324790487530852352
1324778096520822791
1324777714109263874
1324775677988655110
870708887170801664
1125410189853773824
1324747024303067137
1324743109260070912
1178751875820208134
1324737360450461701
126650543
1324732824767909888
1324733473156976640
1324730646376390658
1324728762966167553
1324717034513584128
1324016123973652482
35691060
1314260859368075264
2727175346
1324660644092780546
1324650626383515655
1324654109602041856
261647351
1287045775281868800
1247205114101800960
1324629470733606912
1294222041734877184
1324618076302827522
982148467479920641
1324601797852434432
1324520670630498306
1324509268003999745
1324504528037830657
1324504041905442817
1324361824951742464
1324492881122480129
1324485276455108610
1039464996575608833
1324478276782460928
1313769155573751808
1324470535254933504
1324471262710800385
1324472020843798529
1324464027456675842
1324464086697058306
1314319883224702982
1324442542604255234
1324447641472827393
1323575599869399040
1324444398504083460
18731262
1324438705634004992
49919542
1276620887396155394
1324418592411103235
1324430441248657408
1324429377833181184
1324417950951104512
1324420028431769611
1324420522705387528
1324418656416288771
1324404770069729287
77001875
1324384153845043200
1324387488845148160
1160284739686817794
378044517
1324365620553650183
1324363058093973504
1324360837096787968
1324361149580742656
1324355065260449792
1324347995303936000
1323399350417063936
1318863225803374593
1324250704668745733
815223035716194304
1324287985920212993
1324245824256299010
1324203894243807232
1324168044344692743
1324152264462946309
1324155778161381381
1324139871288594437
388279279
1324124189985558529
1324115798290501634
1324118470984896512
1324114282943074307
1324116107377184771
1324116286574612482
1324114699491880961
87147637
1324108549765648384
1324105115264045056
1001442601
1324095611541618694
1324097378354372613
1324093904325672960
1324087986309443584
1324085077798756352
1324066605115035648
1324064118962331649
1324053599698169858
3366541949
1324048586846445568
1324033520214462466
1324019953926897665
1324022697416904704
1309687214
1323956643621720065
1324013679562600449
1200474629401436160
1324006189877940224
812640918541074434
1323973497492824064
1323977328331005953
1323969052184895490
1026900098448588801
1323780599522463744
1323681375401238536
1323940332896161792
1323930312372555776
1208796075441692674
1280940255177314307
1209435358062096384
1251591099803729920
1323919334390071296
1323918978864074757
1323909622823063552
30219952
814958157717979136
82705989
1323902853132521477
1323601555950604289
65716292
1323879582399909889
271876480
625581548
1323788900884688897
1323787424804339712
1323777367374995457
3231871829
2433752894
1221754453600231424
1323733694612471809
1323735930461630464
4011301589
1323713383611404289
1061277487894880257
1281275635856478209
1323685772747247622
1323680252669972480
1196158151021793280
1323656297858945024
816917165068652544
1321794891530252288
2868864184
1231264295364825088
1323573178363453440
2971691728
1323539550627659778
23921250
1323523729486479360
1323522700606918656
1323521621425065984
1323508870069788678
1319136619585101824
813863896721268736
1296343365026557957
1323314430847918080
2781766452
1323218164273078277
1323205406370521089
788073680152715266
1096925994156478467
1323016651026108416
138184763
3351237988
1322989479737626624
1322966107368640513
1961270522
1244628831677419520
592583243
1322873968018264064
1306922311916941320
1312521315685990400
507442159
917068665111089152
1290002276698984449
1320061403043069953
1322634783499964417
929203776
1241454807749136386
923628365625659397
706608788074266624
1306337073893462019
1320944360620355585
1286026676816814083
61200890
1207764937466155013
1313307135766392833
1321239733490667527
1322311900294762496
1322309564604289026
1322261846716534784
1322245831144185863
1318645292309401604
1322152933161619462
1234764937022574592
3094028035
905380201537953792
327391044
1184497280356900864
1322073774641041409
1130041138885386240
871796701752938496
1311397484934168578
1320763463409520640
1321881245614264322
1227640886873468933
1321814378195374081
1186299117426958336
1321805213443985409
1321767176496418817
972569976807837696
902084029440290816
521111326
1282752776586645506
1321565703183413250
847157662454337536
861977588478218240
1321524460504158209
1321517979717296130
1321510627324645378
1317095371018063873
1317595036335439872
791700677911252993
1319729703356424192
1321410378073604098
1235316988773314563
1321393765093941255
999286953697841152
1321359296379166721
1299191449939054594
891359337695899648
1321207109145530369
1179573792563253248
1309592754150871041
1314512909091864576
1321184580364283906
1321162186807533570
1321132299245834248
833376271589601281
30845423
1082996916663676928
1321058225639358469
1321045975339851778
1321047181554524160
1321039717450813441
1266740268180611072
1289058132526682112
1263267068947976192
1320855134600155138
2188395858
1320831070066135040
1320827893300252673
2385586059
1320813226137997312
1320794974947024898
1295699934952513536
1037824556
1320725959876792322
1320696456047697921
1310533649385820161
1320673870463062018
1320663578253414400
988989704
1320633337791262720
1161341709600657408
1320475404067549184
1002967455743004672
1320457035117400066
1320453555250204672
888375942619574272
1320414038619230208
171004885
1320325028307701769
1319306740752670721
1306173596205809664
1296824355075350531
729044071856144385
600937336
1320266869320880129
1320216659177672707
749170730
567684174
991038680742719488
1320088679013023752
1320087539978559488
1320084098073972738
1308526258431590401
1320053686735949824
394686584
1320017559857565699
1320016050721853440
1320014986182332417
2801588495
1320002959590252544
1319963356648886272
1319960910384009216
454797771
1319919082431537152
1319916348340830209
788861653811093504
1319867020557647872
1181705996755984384
1170705600617037824
1319757152202952704
1319735939946733569
1319719079784140800
2827101287
1319667981488672768
1167080494686560256
1319677774714593280
1314484336998191105
109210189
2549767543
258436752
1319582488373710849
120767536
59488402
1319363953705844737
1319359103479795712
1319350090990059520
1319339200525815809
1319326127400341505
1286301133653315585
1319316433675890694
398897317
1319160254920380417
1307632853920907265
1319308554038317056
213299887
1010155648993153024
221209664
1310514517315596289
1266363574265327628
243386022
827924684780011520
1083439044124729349
1319053340697939974
1319047108507348992
1318989571670028288
1318976969766219785
1201470150626742273
111984540
1318956214294818817
1316716533998071809
923980158868049920
1486934942
1142085229752049665
1129207741258588161
1309507012007546881
1318806785550131201
1318698228007710723
1318168258634276864
1317943786048262144
1005735161437261824
1318648958126854147
1318644768457543682
41313247
2891389277
839914303755071488
1269410462631964672
1318602394142461952
1318601361915842563
1318594519538032649
1318584850476077058
3372645741
1303080918333231104
1318562422823813121
1318526732178231296
1318516212477865986
1318506865605644288
1318496541557088256
1318482941937418240
1318472107202838529
1318483256468295680
3324448067
1318470431314235392
1239114335202545665
1318453040253407233
1318432419586990080
1318393914232049664
1303142546802003968
1318338543173963777
1316174401201737729
1318281989544431619
1256956154019708928
1318269504850481152
1318269380724228097
1318265852815462403
4820700119
1316483827733233664
1318243153451864065
1318166480874278912
1318188301719883777
856529061597892609
1318116433746853888
2213050913
1206365593064148992
1317949124336037894
346062942
1108472461471944705
399595975
1317896337376137216
1049966426524667904
51997131
946713385760120832
1317872727542431744
1317865740389830656
1317858973526200320
831546524
1317854774394576897
3089920956
1245102854181969926
1229377812278239232
1317790922919317507
1317762653817868290
1284021987728384001
1317716896612077568
1317595367685427200
1317587803266600960
1317562553292214273
1261761315074433025
1317560635450888194
391573698
452929392
1215260626559406080
764793103102447621
1317481355127697409
1317474090261807104
1315436190569504770
1312735437413404674
1317378785570861056
1317417816698609665
1831109293
1294956508476776448
459230011
1317374214865883136
1317372310567948288
941388744183242753
1317368166897623040
1236475573326606336
1214847421571911681
1317207189375811594
3071938736
1317197719883186176
137776972
1317180494614855681
939620613467049987
1317174960343961600
1315977753049563137
97180996
1154674670307893249
4701637044
2269433298
1317046333266710528
1316072596702720007
2884089847
1011349572
757923360244465664
1168798994904035328
1316835474913341456
844562487676719105
1316829730918858752
1316814392038772740
57488890
1316792917219061760
1316788856813957122
1316773303613370375
1197788933918035968
950983506695507969
1316724666954911744
1316707291975086080
1316686970798698498
1263763210395672579
1316512364913668096
1308692411250544641
1316486493754490881
782874264
2941544871
1306192423035559939
1316362060171800579
1316352773722648576
1316321501336014853
1316313120734949376
2756454263
1316289968164286464
1312516663259078660
1316262741066289152
1316242475523231745
1316120919807492097
1313913789666996225
1316082904032849922
1316070296433176576
1316064240743182337
948659492098662400
1316060944468979714
1316052020906930178
1316032567167127552
1316028582951489536
1315960922029076480
1315953968531615744
1315945471777673218
1315946474807742466
1315922864256831488
20364569
1315744973204185088
1315705909725855744
1144962788554682368
1315665497732591619
1294662682075893762
3059854384
1160940603796066304
1315487001957859329
1315480252588666883
38981269
1315413184858206208
1315396091756584961
1315323383605755905
1315296811138060289
1019680486833172480
1315282031643951105
809106763
1315268046848774145
1266866127545798657
3130241921
1269581810247360512
1315171506331308033
252711672
1314981372273086464
1277658491054931970
1314999205556097024
1314989565007081479
838027920174100485
341589941
1314932375751659521
1300100850824679424
1314900893859565568
1314898965427638272
1314894870327291904
1314595788417310725
1314870584191389696
1174598092286550016
1305930974585327616
1148175883527708672
1314730503124201472
1314701583859568641
1314679751638953984
1314673407976501249
1314668823832821760
1314604702764593152
148989921
1261738155079761922
1314525891754700800
1310013382955859969
1314513053644451841
1174767521460883457
1181897337372839936
492929102
1259140896253259778
2977151434
744739010266955776
1252417446486646784
1314313510659260428
1314294207775899654
3794668523
1314292272729595910
1314291572620525569
1311906907205054464
1314276165843120128
1314272661875372033
209121104
1314255172089065475
1245011728896753665
1314227790548471810
1313850998339837953
48101942
1265193963570462722
1314216547611815938
1314162811329802246
53980339
1314153197590773761
1073579313587519488
116014104
1039919004197027840
269948336
52007534
916778107771727873
1205244043745214467
1313958171053109248
1313919949711257602
714712450436829184
1313854291057299458
1313843552267522054
1313822758900584449
1292239283194126343
1313543132965941254
1313784712553431040
246449573
131906210
485081374
26798314
1313747876204421120
91322357
1100374375956705280
888532661962235906
1313725287788670978
985920069480927233
1300797750146224129
777805790480662528
305773324
1283181642576732161
352922354
2955598551
1313566284513193984
4545906502
258269139
1313542090664620035
1313528188472000512
1313513228895428613
830005580416823296
1313493107820953601
1313492114496462855
1313474329007534080
1195512892940046336
1017297409204981761
1313450901349244932
1313447090928971776
1313441448436604929
1313421293807640576
1181840582169288704
893249201030799361
1313393782109470720
1313382924499259394
1344485532
1308281045918404608
1313298763998547969
1311300465292972032
1311924518034853889
30859711
1313222522444419072
943572162186764288
141485687
1279100192080437249
1313199409484701698
53504265
1313193363823304706
454574014
1119475564430151680
1312549529560985602
1313183111841226752
1313149301837754373
1313132294102749188
258026952
2418531471
1313094184161738753
1222078863683084289
55616989
1313042830663790592
1312997303519674373
1312981181462388736
716233460239753216
1256582389842796549
1312870166695477249
1312863193426006021
1213061639496327169
1312831222377320453
1312812967940030465
1309564897882247177
1312807545116000257
1312803396534050817
1312796052219736065
1312794329094774785
1312771896543453184
1312751274392199169
1312737063691841542
1301095886139854848
1312692254197387264
1312682176442511360
1312673125570617345
1311398070941298691
1312640969070841857
1312636528024342529
2920472313
1312528278599729152
1226559253827215362
1312525560405471232
1312478899717234688
1221117289384370176
1302599882583273472
1312468960751816709
1312460916752093184
1311967240875659265
1222954363011944448
1310639860592578564
1312398413946851328
1066796841788944386
1312368162458001409
32948365
1312359936861626375
1312353835277602816
1312336655337107456
1312328027251015685
1158681326486204416
1312325664566128641
1305228872762433536
1312305258744426497
1312297843298885633
1312298900007661568
1312296240349147141
1300448248977649666
1254602977014435841
1243082982967123969
502208112
1312268613043261442
919866611141611522
1179600179051274240
1312166347971887110
1312164488586694657
880142584944918528
1312143231895863297
1312077687658295296
1256906495414792193
1312046557760565252
1312035684417449986
1312012551182524417
1311948573026680833
1311944892860575750
772806248798584832
1311911413573660672
1189625243746426881
1311897410881368064
1311897230610255873
329246770
1578069678
1311775119715561475
1216000220368187392
1311615585760038914
899869303595577344
1311719975283982342
1306093617799462912
480761314
1311639098470412289
1309459346921848833
1311618490160295936
1311620228334473216
1311611000907595777
810453453197688832
1263149342745034753
1073297796701270017
1000144345964646401
1301911593186406401
968899865089585154
1311427941746855938
1307621517493235712
1309160550010621952
251272316
1311424212079390720
1311413064026259457
824535014587109376
3381434033
1311379686501617665
1311362927618936834
755135427003244544
1101597626850557959
1311339715413585920
1311336649956229120
1304390474506133504
1307987001912811522
1311308179695964160
1311301559872036873
1311296533720072197
1311277252408213506
162686072
1311231859079229440
1311228693386272768
1311214446673616896
1311212509265887232
1311188366424240128
1311156738675085312
1311138751553437698
1311120549041577984
1311113423753809920
1311084295579201536
1311067542501425157
128360609
1008744819689127936
623307216
1293799500130193408
1310999821109559297
721361545947705344
1310995089636892674
1254348505
1309182012117389315
832656568348921856
268866971
589791007
1306957674794430469
20424329
1266862965824917506
1310497677260578816
1290984512340590594
2447988223
975074665734590464
3093164033
1303424765106049024
838248406955003904
712204423116824577
1302750950512308225
1219162775395733505
1310140866464489472
1201247411814965249
21025883
1135963486926905344
1300791283494129670
300816993
534219572
1230706742
147351533
251526711
873029837224525825
1309828816085364747
1182420780577103872
899632334
1309775603466407937
1226480023277834241
359268879
1306655338440126465
822772026523979776
1308724786877673473
2920868012
1198012837651763201
1008960337
1285846457094995968
1309519069436051457
1309511079811256320
1153583663474286592
920203000949497856
2928782375
1293220777966424064
6996932
1308661047574908928
1241440660500230144
1309205423946444800
389665484
1309184779074637825
3344625322
985109683
1309164801084588040
62056385
927997538430603265
1296005970049597440
1187169055850950656
1260625565809348608
207493115
2426569115
1068255852937793536
943236537478778885
934772048374661120
1308653929861971968
1110888032
1273935674274611200
262663097
1308364496633815041
773074597054930944
1306329302758195200
1308292028695040000
2660726708
1297873617762623488
1308133489422807042
4854916655
1205997572583776260
979081734
1306478188625829888
1281526286
68429020
537262071
1221792358854823936
138859798
554555041
1307048407513681920
1091781964561031169
1306897586645762054
1289245165203398665
1159452355559079941
830730143882682368
101242850
1306593394974625801
1260648515191083008
1230281738989056002
1306607821149134850
1306525307453800448
204060257
365362486
4074700877
1157551921974132736
115472298
1306104158097997826
1306129057487163392
1127335007901581313
1305923223050166274
1355108940
1290371438822686723
1150543367543185408
1305076105511161858
1042459421446615040
69097891
1278759519280148481
1278948056
1212727521097043968
262824223
1305057704331948037
3860060176
3548222603
1292416080229662720
1305152014234640385
1297566179138113536
1300390303300546561
1305085028662218752
1305084330029481984
1305067080270704640
1305060632585293824
1305056161067081729
1298581814169264128
1295403355611824129
1119091695193210881
1304468483577712641
1035463344
1304871122891141120
1304869018843713536
302367888
45115018
1304653556700590081
1304550536826572800
1304530625848848384
1304531134773157888
867709882627239936
1304487884548907009
1304481675150340098
944048623
1304467693509185542
1304459250538815489
1304441390055727105
1304399501122326531
1304349344569716736
356748329
1304304150524592128
1081113078417293312
1251486934532263937
1304109097265045504
1304131939532713986
778240055961845760
1304034570103394317
806977799558930433
1304023674295644161
1303314206268235778
1304008607969746944
2466596618
250703043
1071322530638688256
1303953706795368449
1303816111734038529
1205930928855506944
1303799528110329858
1303763213042024448
971560299965841413
1301598757419651079
1265643681526288384
1303652399668699136
1098187615432523776
2415984790
1303647824098271232
1303647996379385857
1303648061885947904
1303648197076824064
1303639036700094467
1295429005781467137
1303628914313621509
1254472518251012096
1291291990701813761
1303573315211194369
1302991978859241473
858618593038155776
1303364049539923968
1258036975782834176
1303321263423791104
1241864479886934018
1303181278766944257
500745284
1303091416109846530
1270832509765521409
1303071823786106881
2941833077
1303038293563629568
1303015859724726272
1303021135139876867
1303015450763239425
1104180612
1302973807955718146
1154023758199439361
1036889502994841600
4096112867
3037430524
1302891960416571392
24389711
185905054
421026649
94913381
375518355
1070356351992377344
1302600177333735424
1302590030565736448
1302589798725677058
1302582620342177792
1280226367699931141
1230746536742514689
1302536498953293824
1302516187402768384
1302504481523937281
1302486851664711681
147303641
1302391770081366017
2310354852
1298717308320284672
1277917703609757696
1302262178007965697
1302220024229363713
1295750810983370752
1182226525770407936
1297136750964486144
1302110136912220161
1280884694935052288
179748133
1289291467832336385
1258031119326482433
1301967056754147336
1301965747573452800
1301955612037787648
1301938665392922631
1301931446274318342
1301920512160002048
1298498503287754753
1237107566347456514
1301862481409855488
1295633092040962050
1149268621
337317271
754059031950594048
1155933503663607811
1301615314506047489
1301614335681351681
1301607072652562432
1301599540542418954
1294174956557869056
1301599198761095171
1301569389897097216
1073762673651838976
1301549505582596097
281993922
1126766893614845954
1301512729455403010
1301481732059865090
1301442300418158592
1301422732081496065
606804345
1301282546257362945
49757998
1301231352944234497
1301213552515133447
589840479
1300863000090488841
1301148348553072643
1301145960521830402
4086382155
1301125233328431109
853484752241905664
1301116083596865536
747702855063187456
1280613975068225537
1118179957123973120
1300840877531844608
28766654
1300796490248581120
2577347119
1239851061709398016
871711593154981889
93813632
1300705957970874368
1296248981031456768
1374379202
3066000136
1300507422876934144
3314751653
184335359
1300480171502432256
1300432105390960640
1300377287997652993
2377233575
1300323717801746432
603681116
1300177506213994498
1300157677226668034
1300125175262912512
1294759657366577153
1300108447254564864
1300095620263354369
1300077982174846977
1300078196692520961
1265346392144457728
1300065523565236224
1299363999826444288
1300013664565694465
507470546
1300001977116643329
3261893627
1296325142767898624
236387863
1299945224047861760
3335139274
1298650689678213120
1299827519252819974
1299803237734850563
2318670603
1299699034060357633
28979537
962662392
1299650869236035584
2887406883
1252249685651316738
1299620429649391617
732670138646974465
1606254709
710468714878132224
1199411830080331776
76125621
1209113871853768704
840615971677229056
1299330559567638529
1299330401438179334
1299304969217114122
1267206464978014209
3388751985
1192186020093149186
116438551
1299127209236541440
1299116095773835272
2725327558
1204391868508901376
3993055216
1299075504042135553
81348574
1296873330142838785
1299032082317021189
1296971426264756224
532591328
1298973592366051333
1256138660388446208
803159667618828289
1298306763339505665
1298853242525437956
2547046611
459247731
1298729231812382725
1127030407076163584
229634251
1114699886967046144
1284565849274290179
1298590463704870912
1298558454886473728
1134608461
1298493222164074496
1296942255975075840
1298320279932932104
1270026820923121665
1040174571901661185
1298375347419910145
1298341070284218370
1087701040659615750
3164977146
1298306283242741760
2165444468
314499906
1265733894567071748
1298236544340369408
1298227861292285959
1178660806046683136
1298203145089298433
1298202548789223425
1295694032706961411
1255884669071110145
454112632
1298152885860159489
51717663
1264940131
1294554278951096320
1841400464
1298018727795945473
1281971462656729088
143795655
1296399934284075008
567187078
2815713280
1297868792018735105
1294215983465476098
1297674508124467202
1022786028237672448
1297613245860151296
1290335753709522952
1297444485023105026
28819395
1007297058901020675
1297510406181838848
1297504684601757696
747735578582597637
1297475876255342593
1296706180228829185
1296860494205255681
1326306367
1294086275197210625
2778729437
1297247452613967873
1296184887993655297
2972741194
1297199500264644613
1296949982457745408
1290625328352841728
1491376952
3083496028
571071283
1086976605375864832
19822547
1290445750065860609
2761523336
312179108
987388446
1287575425418276865
964784861331550209
1296522520162705408
1215578720892788736
1296755173579268096
1145357795547594752
1191025618055520256
1228582495693819904
45136652
1296011314238836736
68087453
1296704145831931904
1296681504370761729
1296564160671756291
1293889992415158272
1296558313862291456
1296553283390246916
67568093
920876895029415937
350971393
1285672161454284801
1007284682298359808
1037293894210400257
1296511101824380928
4266354029
1979413003
1296500065570357248
596005949
3384756233
280472150
836621243927388161
796777333130690561
1944280170
3375452417
1078981714293207040
3073949764
394095784
1296167822876463109
3829972529
1296155246423609344
1086029115839471622
1296054648969859075
143005883
1034436012620107778
1296040178180554754
26150665
1196341281066291200
193213788
291685138
1277906172243251202
2393916987
2439502163
1175843464824709120
257843550
1295718493669785609
1295670714385797120
823200964467421184
1295682958909681664
1058787132
1034193426
394738760
4183123414
42377485
751207897
1228389122424934401
200894086
1246184120738369541
2229953045
1078037362620485635
1184515750553411584
4766953456
1290806335802675201
1295094227546910721
977546196062494721
2570326007
1075130372554403840
401990804
510592566
908445216
2350460686
1259058478016012289
240796075
902178922951008256
172662572
1005568823171387392
1324841486
1144984841277992962
1275527873152126977
1161700247904632833
2532142272
1241378411316207616
217354843
1294494674137358337
961961913436508160
205636809
1280845496874078208
196663319
1274485183585169414
266546836
1294706059521732609
331612214
1239943886308626432
1280319597011484679
925384564587089920
314625966
42189666
898684110176219137
717608612424769536
1089154469177241602
1293984829583884290
3096915743
1152559957532913665
1157389976608366592
946998735128748032
1288810719912304641
2295567598
1161735895407575041
1557336968
1066419810899238917
1248379448493322240
26219640
1266613812406427652
1127281321
1026379162372775936
1294041867294838785
74213566
949783783385026560
2316123071
1154673797276065792
40067506
1208042953404497921
418912252
3309622817
1293942061822021632
2320072845
1254423498853945345
1042110489633931264
737639258509447168
843345912231612416
1315532028
728698337743011840
1290861390622859364
1293700864402698242
1256648666200375298
2245158935
1293649755101376519
390015807
1035498347199705090
1293574536097669120
1080558808752103424
1278355851607228416
982510587556048896
1293454224890699777
1284912248541118465
1237849737350352896
3131007160
1172728167339110400
1292637461194182656
1293331608653762560
1260065893607931910
1293300615146332162
251800957
2346323937
1280843837611610112
1288153374161018880
1290661887500324865
1293172552999763969
822730540004548610
1292808947473223680
31440704
2336530215
2729504179
4833390892
3230038600
105758988
1292887934543306762
71240466
738314906
1134862140
1281191553030029312
4559366908
1292514218588155911
564778859
1292445236078219264
127040297
1279221785263837184
21652102
96334390
570616189
294803106
30325217
1215797726014853121
1125686619745472515
41786253
137683099
548105915
1151954555053203461
1214649673933361154
953530087135162368
1292012863268233217
1291852605153517570
842664961180684288
944200460
138729912
224152446
867783107675607040
1291767963016744960
1282203541797470208
29182651
993643783
1243143925298278401
1065659783066337280
1134150800136134657
1126812161764933633
1092426894753103872
1010128554514886656
764500362
68502269
1278764022909808641
1207761863783698432
945186981079904256
1887595015
1449811910
905151045084614657
3400106681
562249942
1291285755650809856
1291269393024978944
2528117577
2284818903
712378026370142209
3166228487
1194738700623765504
1291068981453950987
1223383942688055297
1109122186403561473
1100793220336943104
806133753852661761
1191354279870775298
1040713471342649345
170992820
1289253617598377986
3026704277
1217126742521008128
195659931
34954760
358888977
921430870778634240
1290726856312971268
1211415264627003392
1290703411474833409
740872893920350208
340580478
1290651308442214408
1253348557626753025
570665737
596548378
1249006690202157058
959158733900218368
1290567253524713472
1246933577054457859
908430776806576128
341946367
1112809186264530944
77458226
1268144239613018115
3007811005
309679375
851554036822290433
919582047492038658
1229157099613171712
1951134439
474399162
1097816516115001344
1287466329881153542
1286010466490363904
1284572098736926720
747432336191528960
331154040
1259788136202330112
1211334868564508672
804198536
398860478
739525994151825408
3295192351
493157488
1601061084
1273870312640217089
625957212
1289649285596950531
2812776498
325723335
1583211242
2152863504
3050375140
852172597680889856
1162789058
93329037
34896383
3359478928
2254171025
797563475920900096
962332877810798594
1283737615041273856
1285381093018013706
1289100125764231168
942392026255036416
1284853734422597632
1285975338825199619
1288976873670815745
3097367057
26397905
1269732988591443971
1230606916780515339
1120693411277955072
874169343474585600
1288391230846574598
3381796937
1288584813847425024
1112333925521780737
1288566739400372224
270823225
1107269453287473152
1120980275532652548
3104464191
2403286765
1288078224275251201
1288288809977819137
1283908757060227073
861235182061449216
112527911
260883617
1129857770013040641
22905166
1288107730138329090
1268835323691270150
1288082653745422336
1288069830642405384
1383650898
334763967
809421570049458176
1287885848734728195
1287866512712269824
3904983372
1287498522925899779
2945539906
1277282939328442368
1287758684022542337
78673473
1287704520521383936
1287629796193841152
58208841
958369050362556416
1286814110353678337
1287459132912603137
1514147204
237475435
1275457709702348800
1287379835459907586
1287371964760367104
1286746651210768387
1287361454010765313
1374030152
1248979524685041667
1095237107235373056
1287294214125035521
1214108952608174080
1287279860637999105
856587557886464000
1270360430125465605
1286602357934096384
472392415
1286665631337713666
1195789950802911232
1287058573391007749
1286624881996595200
1287009454593126402
367119068
1286994589124100098
1286982777531969536
1286968034771468288
245637769
1286948473510780928
1286897756947259392
1111678344016392192
1253669055426433025
1286786132404035585
2246879349
1286745994055626752
1286028913991458818
1286735026567118849
832713295463276548
1286718991474597888
1286699299603087360
1286620804743139329
3107979761
2339949227
30878318
276606850
1146147333333225474
27006128
1275341991522508805
1286384153399828481
1286382383416127488
1286375837751742475
98093876
1286364304908976129
1286346656179458049
1286305608388546560
1286303421671313408
1286288189603418112
1286289662085156870
38937594
1647854173
1286210487009648640
1286196685560057858
2846445862
1272750652024918016
1214805895407964160
1286061452193869824
420281182
1180465687
1286046223254913025
1227272756485488645
1286041446936715270
1286038539013181443
1286016322963480576
3003110247
893339336
1726456393
1280779911196602368
1285978511321239552
22767986
131332987
1173723983700774914
1178192186644541440
1285962897529679873
1444197259
241939340
1066793706534199296
1049306388604833792
1285925769735176197
39034398
10814042
1208724189135417344
998503751005671424
953242848744394752
1285904465875304449
1285900166944497664
2358223686
1285892200295956481
961377383822569477
2437306856
1285888374969114624
1205486571782361088
2844030410
33598733
1285859383763701761
803018176598577153
1171782783448080384
1210625372099895298
19352827
369379471
1280546111380430848
746093994564812801
370839178
1264156519
1073279963925745666
240873883
1218343280435515394
1285622142781083648
1285667963534815235
1267071633052897282
1285660274675122181
1285642747228151808
33331949
1284806793596723202
1285614325651181570
1285587725865963524
2758030679
1285516581850812416
1285464687413526529
1156258285353340929
1265360726635536385
1285301988012576768
1285236501538910209
1200875627475357697
858331430186868736
1285118230034624512
1285115441921363969
26225903
1285087368312127488
1285066321378643970
1285025257334677505
1284990700208164865
1284928398058455042
1284916757984096262
907341151996448768
1270882382686666752
1284852686022639619
1284841021059354624
358061158
1284818107991822336
1284816491876147200
1284802575980736512
1258457964668760066
1284799150870147073
1284597625132666880
1284784643296854016
1284772316363333632
1284759045216362498
988058424557604864
1284755730772430848
1284742610003865601
131006725
1284653049093521409
1284648395773272066
1284585437080825856
1284594289549377536
1284590634150617089
1284577240056037378
1278760816184041473
1284553851639562241
830028479597051904
1745342358
1284476500696276993
1124421057501433858
1284378887368179713
1284248636906524677
1284240237607231489
1284242573679353856
1284233936567250945
1284185997652172800
60256430
1284155144024793089
1284148949784436738
1280959170234253314
34713973
1150513305007611907
1284100170490281985
1284117425915670528
1252651108104798212
1284113417230589952
864514791641149440
1124064802631028737
1284052853204619269
1035965351861932032
1282125029787009025
1283888038502903808
1283850928744026112
1283830868805586945
374590554
401734725
1341335334
1283692677863792640
1283661426217889796
1283654526260699136
73611262
18578222
1103101947849134080
1283514943380377608
521586628
1283497551245774848
1276961222852775936
1078632183902978048
895246093314908161
1058960908788133889
983518842
250087624
1283317998720364544
1283380885656666112
1180600090077073408
1267824923151458306
1268117368875745280
711838856262389762
1283321858117558272
1282986190405238784
599680212
1283188113385414656
1283166702579126272
1283160626261630976
1283162223138017281
1269217405672345606
1283149527923523584
1283133733470691333
336076385
811315869984980992
1283112759731933184
1254386440940605444
242850964
56369143
1282985092055523328
952432680133591040
1282967428570415105
2533223767
14750652
386433487
1281078070435368960
1277686651779678208
2990968859
1071398514389909504
1282635107472420864
1282666382233153536
1282668061716369408
1237077390955892736
1220141292295991297
1282421544392757248
1048179596829642757
1282365462714753028
1282309678333071360
788240513317146625
704336377807314944
1271692193238061056
4229638893
33883442
32482257
1282095003351896066
921633350590361601
408340187
3647991980
1282038439857225729
1282037442284007425
2293888102
1282015877001601024
1280543881348747265
295039158
1281781732400865282
983488994
1281667250576031751
1201451732
235168093
778936496485171200
1281530803772698624
888516002887196672
992952453548175361
1238363576617914369
1281351056090378241
879103059036696577
1281313332511768578
1281288101718081536
1281258153984876546
1281247942842691591
787766142
1281155298351296512
1281164460460257282
840673600990507008
1281012623753072653
1274010352213262339
882223019556577280
1266130858609704961
1028720340065820672
758980210620375041
1280894584374071296
1446616951
3226573738
1280795784259219457
1700044633
1280790881159831553
708093151475589120
1274980645572403200
1278832389603635200
1280231429931175937
1280571005778485250
1280559527730073602
1280074402005204993
68765869
1280514102402703361
1280495338290401283
187257952
489471955
405410501
1268672770109472770
194199022
702484327175745537
1280263991252733952
1280219314113650688
1280136622885998593
1279497590413950977
1280092741582675968
1280090738374696961
1280061163297013766
273347049
1279907650520731648
1279901237744467971
1178246180100280320
1279884268546777088
2462635126
1229308505330458624
1212154551890890753
772095850575196165
2813568008
1277477701318840320
771223239984951296
1279772932282204160
340384279
1027192472693338112
2880394810
172040187
231929720
1270162092071542784
1279703647815905280
1076578353426165760
1279693552516300800
28112223
1279690493706874887
799588897902784512
1254388657009709056
258450384
1279557091489910793
512522421
1120429425064120321
1601485100
248122203
1279508069274333186
856311691
1277249436620591106
1279471771805274113
1279438646194642952
1216110311616454657
986543670341066753
1279364300793098242
1253345084743041024
1242559627335794688
1279245706931421184
1279096443169619979
1279171925143703552
29101699
1275751948915027971
1279126282392031232
1197128408058216455
1269917925512753152
41082742
1279061040190361600
1279007802707623937
1279004285859225602
3346728531
430122224
1278429427664408576
1278934628301189121
1278882321110831104
1278821198189793281
1278820715639246852
1278716632173613058
1048954391175319554
1278759121513263104
1278731293711380480
767454472352231425
1278687312050892805
1278410501958090753
180692799
1166725598
781770567653425152
1278571762930810881
1278474519527788545
1278445617451347980
1278441770565722114
1278414994846167041
942046560
116180386
2580785555
1276085777986961408
1014586291525226501
1278294536666611712
1278287667202056192
1221535531894525953
1278228624626323456
1033495122
1276523005531656193
1277586009635590144
1164219288435273728
1248928430562979840
561056629
941435261443026944
1278042550239100935
1221526679824347136
1654842619
1278002029475115014
1277964853529858049
1277960087781257222
1276827030613626881
1277886190142853121
2889181972
1277831639452864512
1273336390592237568
1277737568096923650
274622415
1277713602233991179
1234029152346439682
1274117388200554497
527362395
412396926
709829952812802051
289611151
411440471
1277645625199415296
85661388
749284058958536704
596758306
201467530
1277307711156338690
1276945423995977728
1277319143193280513
1277333438027137025
1277324295224557569
1277317955857059841
1449935329
1277235883268354048
828199051833307136
33486991
260884220
1277168983809064960
1277159028766969856
499305536
1230350960
1277090406103203840
1275378564246827008
1277025684620283905
1267768056589234177
568243468
1090305283560214530
1276965086981246976
1048354766
1549090387
2494378335
1276857974951227395
1276831587175366656
874759544945217537
4686634752
791096856
1257282141861404672
1150971590068318218
1276593730028556289
1276431176362864641
1276440615358693376
1276427455688069120
1880485578
779418957337989120
1276215988590186505
1276215704841269255
1276194099901628419
1276141927860244482
1276118636147740672
1273870038852829184
1275909408397103107
1275885518153306114
1095780651217940481
1243154764327718913
498684896
1275734388295204866
66620102
1243121814282186753
1178002602207956992
348717499
1275550980038365187
968373048817717251
1322096263
1271411197880029185
1197231435888889856
1275475377415208961
630328458
1274039632796307456
571624428
1275380336273301505
1275313101181722624
1275307685861363712
1275235645645037569
1275202985359007749
1273232927371988992
1266299387551952896
1266391815160311810
2445412839
521207511
1273766098316464131
302791843
1265598313593737216
1109334146458046464
1274766214506692608
1274838777522016259
1213745796631281665
1533484813
489723000
1172884826564812801
124733810
704744519355527170
1274685819480092678
1274675112135077894
747924691
1228644841237753856
1272866036572971009
1274589979075887104
1274562915220303872
1274447192091242496
1315367922
1274435070133243910
1274426621940961281
1274404376921112577
840519806
4871193425
1274335892736479232
1091440631476641797
1273385706228977666
1173239214420500480
47074500
4846593773
1273802960527556608
782916589
305141238
1029248442151960576
928511771165458432
1272435071371358208
913409222066532352
1210315451869339648
1273737485282050051
1683454964
1273707789555240962
1271081902443761668
741483618
906727188
1152415611110219776
356199647
1270340682708930564
1054603340686991360
1273279465083285507
1273174710088589312
1273197017074929664
1273192185668796416
1273169171950505986
1263674250159968258
1117424936661000192
1272901349290790919
1268700134969430017
14419039
2515664308
101849280
1272635983947759626
929648474127204352
1272528427023810560
61180659
1227300711169482753
1272054602779803648
503730542
440584007
3289939563
1268932008765468676
1134510738100412417
1270075292732751875
1272212645949714432
1272180513583882241
459216816
1271949127157534721
1272100464251854848
23807683
1268972013747568642
733130661620535296
1271957595075592192
897035900059832320
1270460209815851015
468771891
1271803377203240961
1271804109029507072
162159021
843556984670621696
1271711080939749376
1271680567873024003
1138838941547802635
962761128165171201
1194068050229768192
1271508606136041472
401888782
1152870105711370240
991662066879561729
1271166141105389569
1181084536559591424
1271018283953729538
29183451
1271004696526938118
1004225672
1270368061
1270835728323395584
1270805694330142721
1270721373376139271
3313784315
1270688111543177222
1267778555871723521
1270648951864254464
1240346495699824641
1270636854585556992
340972732
1686076465
1270458322697715715
467440657
1270459936603070469
1270456532099108865
1270411352868376576
304301478
375885899
3004314437
1270330712613404672
1264674869796634624
1270273488876638209
1270270046628126725
827035199804432384
1270212166008934402
2225184694
1270188449728024577
1270143382682296320
1038457667163967488
1270110914923114496
511987058
1055623282844712960
774496273
1000321684887556096
1270083019664228353
1269930288148332544
954701882987106304
1269986905061539840
1270053785264586754
920662825168769024
751506312
309479614
84855638
577341415
1174771952017448960
1033055437
1269965092810100738
892835027892961280
1269922375035957248
358020733
58494852
1269754582286184448
928337702604431361
3246306365
1269725483454922753
944292695543083010
27936075
98196397
1269694954315579392
465802151
1084832206386810880
1269616853757943810
791041787892826113
1269608390956892162
1269605634514829314
764495699912364032
598197115
1228439849083924480
1269568732579467265
1269538217642143744
1269539007534432256
1115118381009657856
1269386606072430593
1269349910610096130
1269287437169238017
1254093027817271304
3432596218
1269212232799354889
1269212197906939905
1267281805
1101594344002387974
1101594484209524737
1269041617471758336
1268989511201165313
1268978123980320774
1268956203159339011
1268306851176894464
853323614
1256316274088517633
1083597853472288768
978870208352923649
1268898343549374465
225085093
1069293920666959872
3345320831
1127908762205945856
54657560
3002037571
2692908387
1268665994098159618
1268653784345051149
1234537300224303115
324427668
1266535528368943105
59900659
1268638461348757511
1255562159020478472
1268606810195472385
1268596585342083072
1268592330430386188
1268584356186066944
1268565420753240064
626513413
905545080
57064417
1264714580401565697
292376296
2652842139
845715848786563073
1268459396205551616
268247505
1268415567104487424
4605691035
1268327119890849792
1268287711720476675
1252502078
1268247561669926913
1268197425237364739
237406913
782179886186237952
1268185326062878724
1268179953704722438
1232472210767568897
1268172950655688705
1249255807574839296
1267817155556331522
1117880930
1268113275868381185
96301135
1250081711918067712
1268077210113650688
307424546
987017147460222979
775112010740731908
1268025471826001921
1588028406
1267948069586427906
1602202675
1267930340137582592
1267568149177696257
1267925850705494016
1267917909864730624
1267908588770656259
745699248356884480
1186391275
1267867146392133635
1267867248393404416
1267856632844816384
1267859825578442752
1551573864
1267770165506330634
705273616
1267835463601213440
2409135620
1222612563650863104
1267819253714935809
4870140845
116044288
1267781361173237761
1267769101100953600
1267761168808054785
1267754852446277637
1422724962
1443757716
1267745848487809025
1894856984
1267728585542025217
1267721731822755840
828266569470005249
2478152613
1230610170650255378
525969240
1267614165293772800
1267610714111442950
1267604080119209985
1267585099589193729
1219179180203614208
1699055300
1528846718
918389337284399104
1055437958424211462
1267440955076096001
3084567770
1216423692693131267
1190301855513022464
927890797504139265
1215178853318086657
1248264993826537473
1267352179779780609
1259545509401890817
297030879
1267306686307545089
829537773585571840
1267245463318691840
886326276960776192
1208924740179677184
763425176688132097
40222677
2946433329
1267190643467706370
4869622019
3245311535
1265726065256914944
1028788739366109184
1267122414586073088
1267059743316729856
1267038431231819776
1266856092363034625
1245460823239266308
1236091402720669699
2557001468
1266834358847012864
1087660116
1266811236961878017
1266783229014573056
1266759916204810243
1250153977506865154
1266683502474465281
1243700827
1266647824017563648
1266640353672802304
1266633550662688768
1266632619023835136
1266628865964769280
35184787
992113060914647040
19365053
1266492841641021440
1266487823189884930
1266476767184859139
1265650169170792448
1259569847505125376
893543272605503488
1261763658415300610
250307362
4186502422
1026953386699227136
253079433
1106485761526906881
68720276
1266319912676536321
1266305950920642560
1266302171839991809
1266278090545565698
1667434620
1266247350336368642
1266247262767738881
1266242551113117707
1266168586013466626
778848189239689219
1266106933703999488
1266098143604678658
282192932
1143809434638004226
1258108507078918144
1243321524104331266
1266051667264503809
1266048857915482112
2188891769
259784647
1265879752390385664
414240935
1265854463677472776
111185643
1265760064440328193
194370143
1265743252080275458
1265733483265175552
1704944958
1250401586158931969
712916301170257920
1163164668061335553
1259377986333224960
1059867108161609728
1265633661287833608
967670980192669697
1026156166735425543
1265583636130258944
4878925330
1251050407457153024
1265526337084829696
973886146727079936
116159118
968869052
1265396597334118407
1163477322
1265395461688524800
1265371566784774145
1265364979315810305
1082595214160728064
1089648021556654081
1265339620235018242
43315542
1264850947429347328
782228321614585857
1036235510149271552
1221913134
1265167938228760578
1476454302
1252153925395939328
1264933723360935939
1265007840994955266
813129018694336512
3045213023
949969284746436608
961682414962700288
1204445073984888832
1264640899184758785
14285919
1262792489628585986
1080168534011973633
215965331
1209677786
1247839437012303874
1034334484789907456
1264482253851197441
11505072
1258746505831354375
1264427862809026561
350220504
1191400862712762368
2562280521
1264308686584938496
1157384503989559297
1150142528487919617
1264200996445618177
1263929295858208768
1264182763252580353
1035289131751026688
1264130030558420992
3034129485
381164816
1218268708960980992
3044635942
1030620955
1263930766788112384
3220747472
1137387676930334720
1263884414351785985
1253411011153080325
1211592800040439810
1263797887739232259
1263784703368273921
74563795
1263748565492514822
1134541485167325184
53335302
1236802159494270976
1263612797356773376
1629970374
1246956986006228993
1263597442823405568
1256337149097623552
1248930906368290817
27840212
1141049623567654912
875449698
1263423646766379008
1263393134198784000
199632743
464613165
1228718588967694336
113651795
34915929
1157272231074029570
1256190706030444545
1262810928296460290
1168873771899478016
1263200826828390406
214434691
3580752436
1263156068739420160
1557559602
775084458743562240
1252937001214644224
1263014767628890114
1258569792656674816
2565730372
28312207
433716389
3023520076
3344193615
1261018909156749313
1245621923175780352
1256924110871019523
1222965058596233216
1262661046935920640
1261272036292386816
1262644833015025664
991022680966074369
1149264558428762112
1015667500158251008
1233705053652951040
1262501480864583687
1262499681118105602
3973274409
1262485531604267008
1262459929308299264
1259142906918637572
1262433175298617344
1262408858904952835
734322095979659264
1213920979384070144
1243113905360158720
1262182640465195009
4030533496
417103411
1258368405482151938
714838189840711681
3996383182
1247143360088899588
1261762749220163584
1261756392463007746
1261724804832428032
1195665430251286528
1261711578124161025
1261688254505590784
3547190417
1632611184
34718571
1261651077998555137
908685897062895616
159928525
1261592718805008389
145974275
1246036752286003202
766909627078369280
1261559604888174592
1260714227792318471
2381776175
1230144009110278146
1261364783795896320
483731822
913694903816867840
526658862
382268521
1261209428562501633
960432465025183744
1261139787412500481
1261017197402624005
1233324075885506560
4695267331
1259895464725528576
1207553709040951296
385610975
855178277761294336
1260886582216753153
1260879980222914563
1224971178001027072
1546344775
1260787611590889472
883121856856895489
1260708691101302784
1259983800810995712
1182375178443067397
2415534528
1260632729609293825
1257081488182558723
849303039496392704
867762880816590848
1894844958
1260530316428673025
1260530244404027392
1260506396849778690
2908979236
930739818824380416
1222629844569284608
305952592
914467954292658176
1235831977128816640
1260371485681745920
118151600
1208220920977989637
237104419
1228240488
1260206525555113984
40834811
1260195931770806273
1260170048905371653
1260104067436687362
30203662
1259964602856734723
1259858751483457536
1259788675254308864
24890121
14292060
2969419671
1259707319690178561
988097408
1259628673256304645
815302160
1253230709218689024
967147080119701505
1097055942460559360
887308801
955753387
1256922723361722368
2743965239
3299483476
1258562096511561729
1259465475748237312
518906854
1259420164417822720
870609785888092160
46498964
1259406233385283584
2182286423
3247798133
1243071616151584768
1251636320704835584
1259233193913393153
