80281268
1255884669071110145
1365782425817776128
1366785082200055808
57607319
1359987381349343233
1360182671465447427
1356876348543926274
1362947484767707143
1128599107587780608
1362889733416902656
1365974800217300993
1365618820057071625
946741131332800513
1279796830063206400
1337789926725853188
1294565586303885312
1361002362425516034
1046909768814800901
1353176260302745607
1295132184060272640
1365260076068581378
849303039496392704
522209992
1365048800184795140
56099831
1360577307606454272
1341815052496642049
7878682
1347973708728721410
14619233
1261373318961258501
432760465
1157551921974132736
1301763641679769600
1363796921148715013
2284280579
1174111224461692929
783367606401138688
1363454397372653570
37245778
26667326
1357054433784389636
1359271716170706944
1357633851347111941
1229135868260212736
1362834283392618496
1298754317999112192
1362795237454860288
1359262138947239939
3303643749
1301381286989369344
1362364139667034112
214618600
824374729465270272
1362121205239717890
1122510418545659904
1135491406175395840
1357247708554223616
1306957674794430469
902442060283863040
1352280055360192512
1001073174354780161
1229109517918646273
1306536347776225281
1287039653950951426
1352871315104030724
1359437138203451395
1312248851818901504
1360119101880950785
4699519334
1353800907855695873
896147424821084160
1359107805257555969
485012325
1265191191085297664
1250499561069608961
1457862662
739180805474385920
938705354
2528117577
1352136805584424960
1357311432317145091
1350740498911268864
1354474100358598661
242422673
603631153
1349135814391980032
989463378
1047156133
2466596618
1263710424031203328
1017910182888792065
307752452
1346904308269391880
1354506996251299842
947927713804890113
3423763019
340601104
32482257
1348628002507206656
1383890976
1353771364746997760
1085104797722791936
1238902442131144704
1280200914465423360
92488675
766066458006810624
3126808498
1318989571670028288
1352157236529942533
245275969
1352226194645807106
161468223
1346450969073217536
3824226575
1271821734417596416
1351608771894763520
1350448732043681794
110660765
3163686962
1350933504058601472
1216235786
998210384
1343587792832622593
1350210474923667456
1275209923861852160
950042258
1349658189369905152
1346506400252518400
1326860924486103042
1348975448533979137
786324035898531840
412505067
1348989502325461000
1296845749343395846
1348739406673420288
1252713309612236800
437676188
1107110364142096384
1133808332458926080
757866489450000384
2924636636
1348230816447520768
1054361279849218050
732544718593232896
1346537891137269760
3079383862
1347987135454973952
1347295592523984898
1347511316144123910
1333715688976953344
1306889880690216960
1119495825258946562
771411541610684418
873622630263345155
1339339513982840836
1347105813500932096
1346972485124644864
3399757851
1346934757381312520
1117821314
39029183
756221684940730368
340878981
986692340101341184
883538028626661380
1345836520536727553
1145379930357862401
1217811446408646656
963509018558894081
1345252889510486018
1343130316198846467
1232742531621892096
974974591130095616
711841442927386624
384991939
1128221059810058241
31385076
1343864780696780800
1343147911912288256
1242936891843981313
1327313733295763457
1327670486508113923
957345496930095104
841376530697715712
2860842286
516410444
1339671878592581633
1196158151021793280
1339315787211939840
1300006304895860736
1339121711372001281
1311026516285886465
2177543188
2157177769
1308147897146511360
1056900000280731648
1338051224592113664
169228183
1337034581623582724
1331700087219695618
1337081826335223809
1337008670908018689
1324725921019011072
878117994467086340
1313775971296849921
1336029204434079747
1335907198170443776
2787459125
1335489376529346566
1151954555053203461
2563704742
28973295
1334743943947423744
1147310114635943936
1181321997181169669
515646095
352306584
273555252
1059743724
244646590
1333783219171328000
1333373426682253320
1267104400792784896
1238520563070615554
15034076
1159452355559079941
908990267193036800
1277373138288943111
1186299117426958336
1326086131117645826
1296044944038277123
881498278092824576
1272234110900150278
1320216659177672707
1330892617903726593
1279050714099126272
587463070
2941127361
900020667722215425
1325822846581477376
1324512899759558658
833221486999638016
1320763463409520640
493456530
1324504528037830657
1329575356471402497
3495295943
1311618490160295936
248673535
1329356151868305409
1297462820032974848
135146890
1329071878477025280
2721314405
1328671561193299968
1315323383605755905
14310067
962528530834903040
1259954195479900162
35450120
305048752
2294266685
306732338
747751123558219776
1327363610700550146
819516737678954496
1313241083246247937
1323969052184895490
843514380386033664
1130207276449632259
902250039476711428
1220376411619385345
1317815001462296578
1326919325559754753
763969436332077062
1326441198404456449
3039114125
2385586059
825588783311642624
2231520057
17220596
520742582
1324032213214760961
192337389
931509087434616833
1318645292309401604
1280130277566754820
1312842586655162371
1180133547115532288
1325257614754713601
769215732618039296
1081251622389469185
1325173373505318912
1325135103740162048
436778436
1325127073761914880
1325095369462706179
134203390
1323940332896161792
1324660644092780546
1324456726112948224
378044517
1182546360681279488
1324033520214462466
1324006189877940224
812640918541074434
1323930312372555776
97180996
54917900
3435202173
23921250
1323205406370521089
1096925994156478467
1323016651026108416
1272435071371358208
1304370524903149568
1144962788554682368
706608788074266624
1222397614794199040
1282650020421009408
1272615308340219905
1263041077210222593
1131296631859634181
1313231498447904774
871796701752938496
1321177680633569280
1321372846858375169
1321524460504158209
1024370707315216384
1295699934952513536
1108635346676400128
1235316988773314563
1317562553292214273
1321058225639358469
1321045975339851778
1320826422466957313
1320269959533047808
1278110957332582400
1175533243
1319672747577008128
4089262798
1317037560489791490
1078657196790071297
1307632853920907265
713351921717878785
919866611141611522
1010155648993153024
1266363574265327628
1317858973526200320
1295850183452958728
914512469883805698
923980158868049920
1019680486833172480
41313247
1269410462631964672
1110581600490848257
856529061597892609
2156965750
1317579865260949504
1317795320965812224
3074396561
395548004
1317526033478963202
1261761315074433025
764793103102447621
1253348557626753025
927139234988855296
1195795849663713280
29706137
1231933170607706114
2269433298
1306192423035559939
1316289968164286464
2756454263
1316032567167127552
974302497446793217
1315730982021013508
1294662682075893762
252711672
28875514
1156909586085027840
602904795
1261738155079761922
1192785575260119040
1259140896253259778
1314443615037423617
1314176068086108160
1233736502263373824
1279793255589261319
131906210
1283181642576732161
1300020191292796928
1181840582169288704
1312867973103865858
1301095886139854848
1161030548296368128
1302599882583273472
1222954363011944448
1158681326486204416
1312212320014209024
880142584944918528
1140561378
1309459346921848833
183139383
1311339715413585920
1311325535151292422
1121754788268576769
356302695
2291841988
43150936
1309634548100145152
1182844784005787648
1260625565809348608
3204732609
2426569115
738141660840755200
1102232084691734530
1246192050925645827
1308292028695040000
884570108
1308112640343003139
1308045949923733505
2740821777
1277175946890620929
375518355
1091781964561031169
1194891620887547904
1230281738989056002
1306104158097997826
954066681621569538
700419140671111168
1042459421446615040
183356975
1292416080229662720
63860165
2318670603
1301598757419651079
1304691263430627328
1049344356845608961
285447676
1303370735893741570
1299077337879846914
803159667618828289
738269408003383296
1091728707818016768
3580125814
115264139
1303718086634340359
2952758232
1303652399668699136
1098187615432523776
1229606735448395776
1302220024229363713
1154023758199439361
1296399934284075008
1036889502994841600
3037430524
1302891960416571392
1302865627565223937
1186066645334319104
1277917703609757696
1070356351992377344
1196729409866272768
1232616922396708864
25977779
65460298
1301911593186406401
1301691971149463552
1149268621
1301599540542418954
253067596
1301412926117511169
1301253683368394759
366501566
603681116
746951167180046336
1252249685651316738
951849069823057920
710468714878132224
1299299954691727361
2546144879
1134608461
1290445750065860609
1265733894567071748
51717663
746460193773527040
1109499317855887363
567187078
28819395
1271166141105389569
950290397758132224
1296553283390246916
1296522520162705408
2409017120
1101037213704433664
2532142272
1197129485314867200
1295415512831320064
331612214
1078037362620485635
2870559848
317924313
1294112463345143808
1294041867294838785
729127914
1283867743901691904
1290025295538528257
1100514397464731651
1284185997652172800
1283472662182998017
1286377712899313664
1290651308442214408
1284565849274290179
1290202283855273984
352545829
1273870312640217089
34896383
1252127025533530112
1288976873670815745
1279901237744467971
1268991605928837123
1120980275532652548
1288288809977819137
1194875028711657472
1287498522925899779
1277888498096357377
467690981
1286665631337713666
1286450771043790851
1283737615041273856
1286288189603418112
2882465633
1282125029787009025
2896957441
1204391868508901376
988483089767727107
599680212
943572162186764288
3022178259
1269059186589077510
537912362
1264156519
824162870904688644
33331949
1269704502115958786
802217082360315904
1270882382686666752
1258457964668760066
1284164541291667461
89818348
1284018818646454275
74446531
439237346
1214729817339219969
895246093314908161
952688954914082816
250087624
711838856262389762
1283317998720364544
2580785555
1071398514389909504
1282206382180245505
1190983825284837377
180692799
1038899941324845058
1230423400897798146
1281155298351296512
1280984287551127553
1280911554720993280
885575300331044866
1280061163297013766
1279771154941726721
1229308505330458624
1274824396264427531
1261762749220163584
214809052
1194572505765289984
40935476
941435261443026944
2212361278
749284058958536704
1108160704119476224
1146147333333225474
1276874565159968770
1339191090
1880485578
1265598313593737216
1270648951864254464
1274339281369214976
1274081717154910208
964881747593834496
1894856984
1273169171950505986
1272977458627821568
1268700134969430017
46999224
1092705403501203456
960968544245764101
2994859653
1272180513583882241
3705930497
1271949127157534721
843556984670621696
376726353
401888782
273984836
579221819
1686076465
301358130
1268479126647775234
340972732
1242245663397724160
1267721731822755840
3246306365
1033705528218865665
1269387561098772482
1269212232799354889
1027192472693338112
1256316274088517633
1268903416430026752
1268879843149651970
1255562159020478472
1268253766622621697
815302160
1268211855522234370
1268197425237364739
1268179953704722438
1117880930
1250081711918067712
987017147460222979
853751326974627840
745699248356884480
1226426254116737024
1032651543143755776
1216423692693131267
491024971
763425176688132097
1261763658415300610
1266811236961878017
992113060914647040
1266168586013466626
1143809434638004226
63430528
4878925330
275710710
1264933723360935939
1265024852223811585
1265007840994955266
1167425823827288067
1034334484789907456
1121573828
1218268708960980992
77676323
1256337149097623552
1263552217367396353
1255810665618518016
1218945919632191488
113651795
715255417220292608
1252937001214644224
1262644833015025664
1015667500158251008
1194683335362170886
1004025341550133248
878291641282514944
336188924
702437744275021824
1260206525555113984
1260195931770806273
1259788675254308864
3299483476
1045670733161140224
1258482461748736012
709410731410759681
816405326962589696
2870872531
2938879547
1502897041
4846453630
1245027099171323904
1255870555653373955
1540901329
1158873329014640641
1253391891934183426
1205638581588496384
42854868
1228392124342788096
1035630931791491074
917302746096787456
980391884953673728
759828464727887872
1316674004
1172451724650586112
1110251015088078849
1253344963242405889
1009170692380811267
742383326351200256
997747819359428608
815183585879662594
286116123
491221371
1252327868601896960
1252282656395575297
715250310948720640
266582331
548525527
1251106680231940096
1218833481117192193
996468163557707778
940309792786141184
923567834709549056
3413777752
797430152976334848
1144374925618290689
847461582237859841
1224832080430821376
245032842
826493384244146176
1249272108108177409
715206991
1241502103488659458
3345399311
844450699689758720
276655392
253524696
2958229310
945870811
849941832033239041
443720042
1003595919936360449
94364500
1337436505
26777387
109298927
1100417856682905601
700791086243971076
1237698272732512256
70419881
1114597421147930624
1246702466810380289
916718257524047872
1160078807568658433
1246088104613687299
1213094289938345990
1596689029
1219343306536161280
2192615043
1240253907613474816
1239672019622518787
707402042097209345
1245070230528888834
1244285285208412160
128498339
1021442314785476608
45567516
118140841
2545588213
54677456
2788956422
1243865525882695680
593937808
57575232
1242834501178396672
1242508746804396040
1209959269342285824
1107595484783357952
58974084
32993746
1238839839262457858
776908904563347456
3099474670
2760223950
1211624285506166785
953350927632732160
61183780
872149525565145089
3213368226
1238971152573370369
17647798
46379142
578078049
23201723
3191055767
315963019
1235524934954336261
226086207
879980506225537024
1239540112662450177
1242865243585421315
1034436012620107778
1236003844917800962
1255305642
1239236033331544066
1007630645533736960
811881092
1059821714417373186
1242181298996862976
915682964671025154
21619057
1241731346181087232
68384274
1550991842
357493773
1230551438217998336
330557085
1241327657809313794
1238177008028454912
1095237107235373056
961189284454764544
1048290708371718144
2923598356
397153576
1570908751
1240615745953730560
1237354206438326272
1240581387968811009
4845595961
1240303890786070528
19608872
187960581
790606810583560197
1239333680675524608
1239226470096134145
2921185275
1229808872
1229673196191985664
1221416971994042371
1075157116468510720
1234042274859843585
19712601
472740215
2761944778
3092226268
1220191754793693185
945497653709766656
1178928221158547457
1189884862364356610
1197231435888889856
2791474758
1193613826685579270
1226557471264854017
792367729420464128
1147564932210352131
1210926444789940226
1225046799846604801
1036652855753678849
232930735
64539511
234937911
2178414004
1234781465285726208
743474666602401792
1235983566921703430
107498641
1206945301203951618
957782968323530752
1319068254
1223716013214257158
1235266441127002112
1232056658131550208
791195664239722496
1213507706486542336
3094086417
1207332157586317315
3172854382
3062711559
1617482773
1139212661718212608
1226095871659474944
1234118635775569921
1234144658655150082
76604286
1233891458953961472
76984641
390366450
1233797298414661637
2691313637
195053165
1233677701212405760
1225656011144302594
1233055419523833858
1233489252710846464
242759776
1173340108306755589
811315869984980992
1883670858
930570161903501312
1232637686118260738
1232283815307022336
838510273187184641
1232232406607892480
1228338364459425796
1231706900141617152
3251188733
1198768523943849985
1231647178956865537
1231596858167975937
1134541485167325184
1186869855791828994
1218082707093303296
1230455909782085635
1257227570
1214685524683874306
893175898094149632
1218963056505577485
934420573312122880
409093918
1154328491221049345
1221924867852861446
1229860293431504902
1229756886255312900
1229711605698617346
1170825310612414464
3187900595
1164274450424107009
2992192096
1229400731318353921
738747980
1199457597818114048
1195683786891124736
983975456495063040
842090557
1228626278313549824
788355916856950784
39505623
3291871216
1220083746369671174
1226863013279535105
815223035716194304
1221498844149579776
2346587152
538239623
1225903072087609349
358052924
625688135
1227511571640963073
2422137163
1227369849938173952
991662747631964160
3013037550
247982702
763298659
964669093
1144939054435377154
1216054041345740800
2958970431
338324594
1226535060511379456
2991124319
1226472863378681857
1214138850169118722
1177227692892196866
1226120179119280130
2370720701
1566414434
931345838131089408
1145066993869041665
632850912
1224672621670862853
1217845247608336385
1221904206451433475
1225093868900798464
752510809528471552
1134715656148905984
966792774
1224745332703203331
14285123
1224601338887245826
907192995585327104
242919216
1212545178029805568
1211590876318711808
880170912506687488
980849318772051970
2797840421
4818078959
1223931121303523328
967320265821650944
1212744514349064193
3410434041
1223569403444371461
1169712586520178688
729044071856144385
47602230
1216287369013448705
1710712849
2844829473
1211809724594712576
1222170034044358661
20229175
1213121416570163200
4850214663
82191206
740625596
47404564
187136721
3084631127
1156294662757462018
1449669582
1221891131656613888
4194110981
1121861208
27452286
1221539816610914307
469634133
1665724260
558015175
15023364
929746817541201921
194943460
842486317128847363
873983985453551616
3655029975
116394228
1022017072488960000
477666537
1126591081
2824499593
2165231966
1220431580994379777
4263136222
1208916091566727168
3295756660
34990338
478132841
1220772470678073344
1216779030705463296
1097308696579854341
1220747479811002373
513082069
4656350553
76547574
510153895
1203011597435887619
1187062527257206786
1206217038533971969
1215949893350625280
1217178842567258112
1326716731
992370623514017792
2946622889
397402917
3293890935
14419795
1159440877712019456
20794845
1127323114336079878
899182048908279808
122764489
1214820247716450306
1210160627085402112
827144816215605249
30825574
882310135988846592
1068255852937793536
317722823
4850217658
1186624468711546880
957001505139253248
873266817690726401
1166762183763615744
1192119033295966210
1218953605748797443
1190773515441647618
1139286173015334912
1195391974540546050
492267555
1081519459322548227
1095407464428773376
1210892612774678529
2484592790
4699567280
1214606747194843138
1218215323297599490
1059077505229955073
1177353917715439616
765932636804087809
2724248158
1172869128983654400
220307207
1216618303688527872
212245736
1204424743551688707
718932155
23005113
1216653288864735233
32912906
1217475235399852032
785040270798819328
594646773
1033783251599601664
995979366
3982292596
1069665841476702208
81212126
121707181
1216663139812618240
1216655478593347586
1216652520963047424
2316777825
1216415617932283904
1216182778238328833
1215983462911561728
1079444710064865280
102315256
1215374709992366080
1214907373481054209
1121715469134622720
1082495822
1214502471709712384
1210208862852268033
1068996040542617602
896461600424689665
247344442
392529835
2766336177
521624306
1208692597599985664
1846547166
1548954534
1092825723256098816
917711638433796096
2851059186
890236695555297280
1208475889496985600
563559770
1213603876261122055
14508640
1201544361789530117
836459838293049344
728670385
117720862
267194536
1211712856208498688
1212816227569061888
775685426380214272
730298336
1137778788866154496
193784899
329099345
1212441547888680960
817370159740489732
1459759950
910048838198730753
196115443
1038126084540321792
789995126755954689
442687307
561875842
830710153
426590320
1009042210678099968
193027708
258710303
269941072
28841390
1191842239632330757
891266757792456704
1176854013964251142
775084458743562240
1109674362
4801473016
934595341009203200
981243152710422529
3193493424
70774498
15915182
1204021379844255744
1207394754759184392
1069839625
155893002
26837025
953034639081435138
3082346383
948648094614376449
1205924349640876033
1184840106357788674
1192139116563042304
1132633269701402624
1187264488485085185
254539503
1061187571835912192
1188810183830659072
2616856846
1200920085126434821
1017688028419100672
1142537123104546817
993262330493448193
1199777189257977859
1190413644691116032
1019635048990027776
907514267548692481
1204021603195068416
948658178249646080
2507783718
1194541207529017344
717400545
1195703807042367488
1191234678214332416
1171468995871920130
981603364478832640
596781156
1191341377424154624
1177493878632378374
156005263
1180905814971834370
1197632048019759105
3337996762
341484165
1199987924516974592
53924546
1198682415826386944
1200332360870432768
1147109641190563840
957953936081739776
303698372
395020273
1085208116776652800
1172240008943755269
908661968227139585
796174212377542657
1170711661038190592
1019311511112765445
1187457731361476614
1090530399003033601
1195962884741877760
1376421620
838753427207380992
1147787147023474689
498964808
1242414330
60924119
32934779
1198657987260358658
1125414934131687425
4906529068
726475930835755008
2506171157
2201633908
73055334
1181662647399440389
1198244882890014720
2883782007
1151111068342804480
318021290
1395635348
1110008430935175168
1152958815027040258
1196567899697221634
1196696671868112897
83633635
1196527020680896512
1196397044245684225
1180123364494585858
825011481976639489
388881156
37509434
4640883377
1186576573023031296
1073627301642948608
1168677128033820672
727405800168296448
1165382838407106560
851351054
2881731712
2526338188
1194612268824244224
4364405003
789643599289937920
1193264029738901506
2705210465
1194215031044476928
68293948
2168444145
194119395
251724244
1193959408772042752
505714862
91955956
74443835
1185671733472305152
92488845
1080504332947202048
1128381103172202496
333095941
522212150
1059471286311809026
1025861259198164992
3478778003
513091074
1060102283185270785
1281260875
1192171689481850888
275505184
108861176
1191966543619473411
1191814536636116993
930733572
1040657921665892354
1190974324548788224
1185290496236773378
801919088989765633
883921728
978975311827124224
2745580373
1139670444850712576
1189145258564698112
1180945383826034699
24868111
905930897672810497
1162643153062641665
1188940687661850624
1009329895363751936
1182755374165827584
1188757755424858113
87140591
202995550
1188445469351043074
1188384579729739776
441800874
1070815303779713029
1125104054881923072
70329575
1175885576609964032
3587337442
1166563263062130688
1130492751676608512
1184099033465458690
966285601791148033
1186621015469776896
1165875085191929857
711471378738843648
2531465975
1185911215073181696
1185908984039038976
753200347401883648
48351549
1184124581101133824
1183987231251415040
1181621309555511296
1180930359640428544
1184721711016632320
1178769277790441473
827007871623639040
839794498410532865
1166741265146204160
2426687921
1073189514619863041
426109208
1183845771621343232
1594570723
1150904743394447362
1111388947727478784
1183180597306503173
1175139314746953729
1176103770578718721
22245605
1182319702179291143
629484120
990993860376526848
2520486221
1079886685234696192
14472772
1179231628649996288
1040418676510343169
270919194
1146744470123307008
1139230201953603584
801159913
1112746772349288453
249076776
923516639886397440
1181173996693393409
1181109953295196161
1076996821363367936
1177511242828849152
1174711455276572674
941388744183242753
1179864850782195713
66779735
1179498514621091840
1000804226677792770
969675793721970688
1164065309772451840
1167058501665009664
1177981403503513600
1019747540919562247
1178674004615421952
1113420853981609984
2194078546
1176745383055245312
3085019980
932605033614585856
1178019167968141313
1177834949921128448
1171346663635652613
112723413
966617653396860928
1177256482074759170
1177240524878729216
890222994949369856
3061079410
865831118041485312
1174228350107303936
739072939
1044918243817922561
1153358013807386625
962740465
458499356
1151176610214764544
1288689385
1175549289772331010
897432067616780290
3009386908
2438678199
47459713
1166054984217235457
1174963883896795137
871785033153077250
987652939190882304
1123834697216401408
1170258106984673280
1015546124386623488
1078610914625159168
842818297351626753
1159297209290166273
2501737030
1008788329578541056
1088166464899698688
1173905752530010112
602242618
1167036671923298306
1163904152373813248
1168830923401506821
797806177669226496
1450916298
2995607338
1052483818286931969
1170931327430004736
1172929897234358272
918882484242202624
1082291405677056001
1033110838247391232
114418399
238283800
2179971023
14283757
1151840040013770753
1162385580346531840
812810102587658240
161782584
313569546
1038047924
1168858685151596545
1103635154562678790
1060159897550118912
1291229996
826091790763687936
994331635628826624
75870483
792269593846935552
1158315682225885186
892396827374432256
339306986
1151252170936860672
455659359
4085288933
3342685876
1165708687115268096
264461293
76973547
1163519128063401984
1171106331211833346
949405082256363526
1055733011528859648
1170961259111616512
68622845
1088024747303206913
171009485
1107683338364600321
106071955
1423777243
29083785
958742964846645249
1168511399120834560
1121299032297623552
1170063471909752832
1069527014162468864
1027228994809278466
1169847892401520643
1169575789521723393
1011785190576918528
1157611814320033792
1169676312124018689
49449801
1642675399
1158299850573791233
1159456877832527877
1169496036097875968
1164737139097112577
796712285305798656
1169393400992456704
835949066
1100851967885234186
1090223520934739968
3084204522
1166469087108710401
1147849331740938241
1002915685310353408
1169128042070978563
1003591665075085312
758051020601757696
3433942599
910381016036110337
1148974143813181441
4204310553
1168191237368799234
2995578407
836182696774742016
2987674491
2371324794
1168237297868914688
1117869971630166016
28762150
3058410307
251769222
2351195746
1167867390845173760
2281653485
38841164
3387934516
1123924334647697408
3192940213
756600548313423872
171868751
407994045
252511908
25755395
56562554
1159876127478964224
877714567
2887853224
1075161588045414400
1080575412374253570
1157593290163806208
64775166
1162659741765648385
2447219620
1176429600
1166289486889857025
1166253655227547649
915378153920585730
759441160075083776
3145528726
1166127008193175552
1165242689991917568
95975466
928663865851826176
2849820397
2178372575
35811111
1165736841603092488
925831294977822720
2183179397
1129838776862298114
1165385480160055300
31007362
3082266894
84868803
871702333675143168
174209699
1165022094100488194
1158391984907837440
1113757427755814914
1061584660625526784
1127528661479854082
814446676723253248
1108623476993245184
966463429098827777
1164443392912306176
1160599474881871872
2665499360
1935099079
391568001
1098535768434376704
901837308302852097
1100106601342685184
199843395
1142666472990355456
1161057779060215808
1153850426418192384
1163501125481455616
988553822699229184
903706904211402753
73323210
27597711
1163158225786740743
733537360395149313
1079124592822837249
4892831177
4796387655
1162823989733052417
1630778671
1160112462592712706
433473690
1104069558200123392
1023923618223411205
1162074426399166464
983036097470050304
36148979
441608774
112648904
979034954
519260242
750417369386868740
875523463414517761
482336434
1161383452488458245
1157945581991604224
96590136
2486708511
1149735397242613761
1161158882804338688
55497026
1326306367
368921507
998896452
18683027
29133841
1156939375537733633
239001020
434409668
1160727771993333761
1048010449567010818
48465690
1132732127861248000
158877952
83250378
123872083
26712474
926849342601875458
1131861045511958528
2162579746
1087058006561435650
1159468295680143361
26278062
780794758167801856
1447166780
257646412
299056187
1148163917534965760
2181866944
1159012019636453377
36055778
1031205229818195969
1158796972909895680
1158721388221489152
1222885122
2326591779
220494092
855390821901901828
3166006900
1157233599730597889
948869413314416640
29223681
390128766
4305640541
773196935293460484
1125166979181088771
791595791731261440
523051551
278196502
504929257
1142842981268934656
1156300264070111233
1153066664675729408
351765293
1124251221919961088
1124022453708181511
821087899592622080
48980316
319228928
1152942737592913921
199202180
797910304302727168
1155254546538487808
1134715667041726464
1154996015432228864
3092366787
623630856
1151138416114851841
1154278051901059072
1153982580154351616
2556921246
1150167314060500992
1045380739162943488
2467604272
822798618507771904
1108729932493008901
748080191759650816
4458013941
1101775032672501760
470534714
1086258302948921344
866330917
1080143174985760769
332253146
1102138250645389312
177917586
2167647329
3024886011
37544323
875598173049307137
258392324
1043988095488733191
1149031955490574344
871805472965263360
485052885
4777572676
1148683009136181248
1472027810
1148632156845105152
1411451875
1102472245681799168
1146809896320589824
1142868659729289221
2882553035
1118121570432704513
146389653
1061637203703537664
475261863
991089456412282881
2776296808
1147092526001770497
953128091924054016
631923595
1105513210969550848
1122115574245597184
1146321200135712772
76057571
223858558
1146076239448465409
2331894030
1544020328
234895333
1059483686679298049
1420837926
926533159977652224
2500144829
1145243963407970304
749530767101865984
1144565919869480961
925822901454036993
936536189691158529
1142409725868478464
425736737
539010491
223465556
387118980
920723140203991040
1133781622485135361
1143423512348172288
2457917723
1139276113493069827
731735703881580544
148017049
955818636127690752
478042156
297946149
971443778627293185
31359870
1081650390150594560
1124958627138240512
2535938527
831387980
918735913106239488
197874651
1041720123181199360
883737404519186433
1135972154275782656
1115903867403763714
371793163
1140198037085724673
906156607427538945
1127351090779959301
3014530971
1139981213287047168
3004192275
1139885838047862785
3531873557
95674836
1139249998997151744
2410759210
1138776607936655360
828669740709183491
2357241259
2182945364
737036868890562560
117436715
1133250705693773825
771240237104140288
64441038
200253479
218884515
112428297
1137917470826782722
1234043322
1138056003390443525
371694757
151517097
93426368
1137459565631561728
3786166637
3071006507
1451166709
1136937220106067968
1114137614922260480
946857958973083649
1136685612659093504
342577268
108617387
1136543964272742401
1655211722
290748669
105201437
1105942220669157376
3310956065
787738925725020160
39737006
972704804
2306155972
784114484466122752
1103323239244279815
1134122147268485122
1018495923045978113
27401240
1064113310835109889
1561567855
819186384930041856
457236161
3524994195
1091311406757150720
1079290125887197184
1133776841003720705
1010040728981000197
1117130502773903360
367922880
29738240
1355510527
1132593659210338309
1132289824654807042
1128285206371237888
1133024140200484864
462751333
1007938011659718656
1132946440026828800
456481247
1097059578
1084076841290338305
1914393800
1132662112269025281
2836113274
2970278380
1040692860
1128880985792229376
1132383263396368384
174781068
1035851771665698816
1131676722645094400
1121827598378708992
1131618389187813376
88200293
66107852
1109052984049188864
1109549240676769794
388856034
837397994114793472
1129112765912834049
855693476
1127207185824518144
623248704
1057935215161733120
1849634402
25493722
1129804198567190535
822584950973140992
1123516958836690945
1113008870216134656
1072597026418946048
1124653958184800256
102426118
1125215570125832194
1004333958228795392
78326026
3091193194
354582774
1126773115390840833
1128936977066266626
883619430483333120
34996638
873880591
291163195
908247519926390784
1128331892669976577
1123314107107692544
1112789911227285504
926020605631254528
1127510751361548289
1032474396307415040
332746072
1080930067205840896
2855356250
823007498063986688
919650017115287552
1105894556661362689
1122778736498180096
1108345508916092930
576223899
967890018919469056
61562843
1121793791382315009
1126709889953193984
1037687025464422405
44475075
1123222259546697729
1121384960164757505
1120775845302415360
1122889213064691712
53774336
1093585218915700737
1125888321950031872
19301915
1117175534381862918
4132523632
1326670298
2151090538
1125676323253493760
1311941942
1125412365573529605
1089473293990748160
1125250900925329413
831344358
30613812
207263124
877790893775998977
908669832
990566380176101376
1082896594175954944
1124966164705234944
480311883
3354853594
1124769937304715264
1124751936148922373
2418251381
1124609752758140929
1057342513625919488
42693240
740979560112652288
37472278
629155400
1114050486892498945
1102927193796239360
1122253243793457152
79748689
778152513954521088
176553760
769167284
1075804533694058496
466356335
547471859
261142112
796072774754246656
963128695081730048
837387303580487680
541235370
1123532084885299200
1123361572657745921
28585391
1120038111738777600
347279065
423275537
3879585675
754223281117409280
572623914
1086361299028795392
37395949
1117484414005542912
1110993295562412033
1121784088438956033
2345413936
176164976
1070357006610034688
1064236444267499522
4717628428
1068252586682261505
1109448509613359116
1103783793364815872
1120978781190148099
1120951409934049281
1117112941621469184
1035211061937532928
2710346219
790879650482364416
960795822840524800
867006411989028864
14557760
1120380996929691650
1570066166
814194008201240576
1120049799598878721
1119960443865448449
1157636436
901624771
354449341
934568539
2499874888
1002285233557917697
862686016708202498
807667488
1692087360
1119207700385214469
108628896
3176838112
1118908050969116674
974959891805802497
3143602649
1118436821044801537
272838917
128658880
1326286308
1099823919031336960
531276084
1117928984900190208
1117873761657737216
214376701
1116371729369182209
2319189697
976753136160399360
1058534000854294529
177758361
63618396
1112450149039722498
730012799565443072
922825057
1015731654873243649
1075413711957852160
365135068
1897817706
1052598574175977472
1031912178306220033
971044837129707522
3416412838
223171164
1100419292401754112
1115568553527214081
2236366143
710091820143919105
67328151
1115901666547699713
1115882608645296129
1107605885877190656
1092605992343343104
3392984075
2358236409
1102641626558722049
3050938552
2312381686
64054094
1060089948932661251
734735986605838336
448754213
822744589064896513
122072320
1868332466
1114191794479276034
1114054568554520576
1039210391669235712
1113901311131570179
1112699065979015168
1113876931659874304
1113085612658253829
17761062
1113551890825056263
927637789889449984
1113536500413673473
1113539527874949123
1046466902745403393
2556621602
245958269
1113209207862509568
4850028214
1107451448244068353
312522956
1655940793
873274196234825728
214232922
1053515353903394816
195130179
1113006306309402625
30815928
1134862140
1112898619198377984
1108753842936647680
193632683
1038730850416906241
2360823684
30874472
4019259676
786957469432049664
350326125
1109451268446130178
1094582226652663808
1001055941536768000
21853028
1105462016431538178
123604874
928251311648399360
180229242
2157243339
1107715557812510720
1090582695745327104
1107597603993210880
742792774618058752
893567495877033985
1097959134954086400
723610349329612800
986930424474632192
2944008034
706238158736912384
1036267969536581633
1110126419353522176
3066067198
1102958766360805376
36031050
817362600602308609
33474859
2196338746
1109373032689221632
311314390
935460240
721341119985004544
347336761
2600974059
1108796669729099776
1105493927686221829
2480091853
6424342
3305623517
167814226
852174325889323008
23442357
1102862541573767168
788111280083181568
1098406167678763009
102147812
778642090825842688
930361692936134656
1051666357
1104777746708869120
2980849278
1104725377128325120
2883847357
1085524179569598471
1101109285617053696
1101779447789830144
1051826545
1095978945374244865
2885409085
1107000968355418114
1089260209929945089
1102560674906103808
3609130520
622157305
1026447958378799105
1106499540662870016
18832030
557606130
429719434
1102237864572657664
971419639
986599884341080066
895368774970486786
893453795124023297
467709497
205800977
778530830
30827960
143015842
1106171434366308353
1430775114
17335237
907367293067329536
469585545
1106098789557956608
1106067684322672641
920721958613999622
1062000682000175105
1105879015804555264
1105459307498360832
1403468078
1528664611
2590058264
1105515490682814464
753950045544783872
361425767
1095374324066934785
2700397401
1083686338921152513
146725166
1105016081469591552
1725490818
192326972
347143436
30827412
4091763627
1104708928288501760
25129391
856242873456619520
1102701021216804864
1093442946140127233
1031533370487058432
1099268540316770305
1493405959
468203231
1103914141226426369
720222710
740639802
1103639989680783362
1099018073430990848
33037816
1103233672680013824
1521544244
14218692
2714756290
44896803
1002448552499478529
3953685856
2212279349
1102175920457244672
797365487583850496
1096414221569544192
1046398236129255424
1030557263331819520
937362919922327552
118318233
1101464181524578305
3307433186
1092795370445377536
920975952246722560
316719339
941937754245562369
982386266540036096
1099413561162502144
111280749
1091686140120391681
2606444596
1097215117450711041
3024004948
147030773
822748967607865345
231419683
1100405407992897538
2156821247
73838039
368391850
1029415540694179841
1119421249
1099208000009572352
1094349663203934208
2791450945
468516051
954834377506254849
3186384695
722143541405814784
833364126
921633350590361601
1098237773599948800
2828091273
1098185140654751744
2333432506
1094572565446696964
375244616
61409778
1095622759869235201
968433996492402688
1075323119865421825
1094532076387397633
2759965988
84301091
3164923689
1074411851621040128
1091391147350593536
754095853
1097401093556973569
125122949
1073213771664031744
110416401
1094368194133929984
2710587670
1093646944390598657
1084847849685336064
939940849600868352
152213286
1092181721854943235
2262853511
1092572755277631488
1092717913918840832
357728782
334315068
54832098
482146132
64669000
442198175
992647203687682048
474923186
37578531
1095037873206775808
19690129
2874639607
28546598
856542957192826881
37976578
48260660
798846116
922524971901116417
308570833
1093950506060402689
1294560012
1435461368
3183466228
703572181238870016
1065671009565581315
4219460308
3020383019
311315509
747648073
920834553161310208
1093531463516147713
130215561
15186015
1064502443910795264
753307191763959808
925426686459547648
781055332655198208
453962699
1092876133668917248
459090524
839827525786292224
394129541
145598627
1092746188724555776
746798214339268609
2970349810
1052825358750253058
1957636867
1077609945938513920
1092447205628219392
267312851
1092309139966054400
171219938
823925778828161026
1083921649056051200
1078996749103124480
133136949
1000840063104757761
720981398153256960
1079024221903380481
806786022176526336
237015904
541757488
18750941
1090342873734832134
1091433151832997889
2699137093
291850217
428163500
2738172845
45400780
354926066
960441848920788992
1085281263894835201
66918036
1074623689700843520
123518612
2562405506
2230430255
1083791065604337664
1078361890013757442
996306232439922688
87237306
30725739
2498353574
2318603542
483821460
510164923
136769512
982174459619454978
1641482785
1086201141707374592
45093767
1085656215290560512
2969538497
2966817016
3402772720
1081208954305302528
1089558713302700032
1016156839669633024
902367258047119360
1642750849
816393914127175680
957610148549160960
1089273704129929217
942046560
33633297
1576238563
109037996
980416877263548418
72103204
943426358
849221797
1086406893227126785
955096766382268418
771484483
955456516659859457
503263151
537116276
1079932379244974080
1088135421547159552
1961925738
2414075550
122195535
1642600088
2988392621
201177157
14452811
134750534
1045704732944347137
1063061162709921792
37180563
2370924022
1083420118594584576
341145381
3430372497
1087687055675658242
2668878134
951218379129589760
1023120788533260288
1087284800153624576
925349264695361536
1064873498949181440
1897595802
1087034110332334085
2148356901
2772725631
2759131689
1075778268287004674
999214679120580608
240377657
1668818786
822374619667578880
393263994
965943830
2826065163
1087126187305025537
1087096570556936193
896818830927962113
1521002096
1074521137177128962
383757570
1077951236257824772
5117631
93465302
1086825933808504832
907291433136246785
1086752529369706497
427688288
761858610
1018951071711088641
22427028
1656461154
816289956507295744
3741965722
1050055068077166592
971433462715514880
33980385
4614645087
2845222411
1086151434905833472
997215390164975618
3621312135
1081823195655823360
509046751
1085849410947506178
90831443
65619261
360382775
461909819
856607381576351744
480328319
2265658666
262852768
2877624052
761148190901039104
1085260161403498496
901048718438346752
2958592277
988318398475128832
29687138
2867104281
2417474743
1078722558793535489
2792332327
171642174
161617158
1084363775329947648
3264830920
868797540883451904
2877988811
2787488787
418234669
826548326355066880
971628387709145089
1063551846843854848
93221400
1083818311153053697
41565790
952356822295498753
307549640
1004053532520173568
306441697
2778475622
2887053484
1059886768630231042
708631156468490240
1082630335433752576
2383478636
1676165065
2746496283
126323872
84052760
1691705582
2149649552
34903415
369411575
1082403672062132224
457380251
1082577423416344578
2866166625
569172553
43608160
1078650203455045632
383984953
227430483
258092979
3163691525
1081149591297449984
4887160905
1052675430359040000
1047827421351825409
882769199235551232
806507014864175108
998308778926903303
4846371897
1047843615333126144
1343034836
4812511828
34604621
712927582480633856
4026792292
849368671
1080205840299315208
1077477005585715201
836193752888803328
1003349760974249984
1075126479145570305
1043570612814393346
4150074502
1712178026
1068967878
2742091197
992118645768835074
193588957
3225293170
732224578131533824
19923066
487604877
1336055702
949340646564880385
3048019479
1074681119432265730
1028008350729035776
2834456397
1037882247188238336
1077597337508331531
2579259258
1014300853883297792
31365845
759069983049670656
1070971368769024000
831156816994238465
842103836726722562
33444084
92236933
3053997311
138458222
34785068
1346718871
4916814394
30835666
1128349742
264033518
393454679
1071600314262933504
27620990
1732717604
1066830596574494720
2989169968
976922158197891074
1067925003570696192
1074799613486477313
209273988
163519067
174139819
1049765915838087170
3428138855
2745278552
1198189740
1055341337174859779
636873910
1032326187924774923
1072909745131008002
1062775379805593600
522538602
2655838427
230910455
830067696838569984
1594409988
68757451
2469293563
1068944421662670850
3455077876
1038575072787816454
932297317536935938
1002945891710488576
1017462228960899072
193631695
1071402566494420992
455851541
1066626315577671680
859720552323403776
2347316701
880103665029271557
3397282972
285323567
1055457363883409408
2517531379
1045249947082395648
811926383328972800
1069653805569064960
1067469772839890944
2275626058
1070626576428138496
2994528267
265949490
924199367657050112
887179847277187074
936616260460273666
2744556667
240800975
1046397224341639169
374732044
976143798807007232
1066806027285393408
1069265151298347011
1049830030560423936
357907523
118814811
472764815
1349975755
994296999339003905
4453876167
100123385
1060437354010296320
81339442
29422368
1128550268
1068236905362481152
906730098
275935140
1064770866444214273
1067914807398019072
1055590961928134663
72346274
1053955776711180290
906443557732483072
1351818199
819168234
1145637565
1064067718587056129
795383586727886853
949471638
1061291125456166912
31090806
3197923426
1066665072766976000
1066780200694935553
1390359062
18679186
2435611364
1066267524067704832
701493864
1145026045
1062569683570831360
1031075144343670784
1028306771239215105
1585469940
63173854
1058373216404684801
1023945710926999552
217856290
2696653641
129788686
1058302175489732608
914503805311623168
1040499120790745088
1045614830529531905
998677308348170241
1060924155988770817
1034504223445139456
1013213515782422528
1065253506569904128
87016148
330372043
1056524181230272513
20969912
886895505527238656
2949783945
222073463
1148862720
19178884
1026521004854661122
1064599769803354114
1054114763800805379
18530203
54505948
955697419
1362167413
740348173
714106074
310120768
3382833963
2937434351
1063803970735534080
790105524
28832149
436293453
1063210326873772035
732228711546814465
72798875
61773044
1025087327746568192
977869262
14106683
1043272511423766528
16930782
733337764234694656
971875014499799040
870431196257304576
1058248234810793984
960515700451368961
859145160
204820853
4621643896
168508977
3650798355
2835912447
1054540044
2825070357
941334106692038656
787707333849776128
155881778
1049639342942109696
1061974028662067201
1050549486173466624
122303250
4142895087
960453974011928576
1058040965456265217
488834363
74794958
1368503780
888776369857064960
1061319481711042561
3093623831
752843570869133312
160524002
603640777
1035248738938368000
1054085144309653504
1057674759201271809
58135366
1060760875789836288
851395266074857474
1058864595551617024
1057733333571002368
715652524636815361
1000721283515125760
971703168492015616
145565395
66639921
1044645022862331909
1289540178
7424382
1060207383291588611
1004261900
14932439
48276250
4502376021
53166931
822567872450953217
2908036253
2398597992
1022850996299620354
1053745593951117317
1001808802402979841
937784376993222657
1667714161
1059709796687978496
398069954
914055909499908096
1039237706944049154
342838653
140978316
45445295
1058368122162438145
1450680715
992694432599289856
28885223
479853089
1349519514
52827318
326307259
201813686
1054848552340463616
1059147751936667648
987334723
32877604
111349682
233244895
1059031434416082944
341932463
786518875
80491105
1058755453457494021
1025487498762493954
1043650990413688837
1923971670
779709360582889472
957831662
769831873
1058459276686057473
621728856
2708737178
1036353366690017280
3081367771
291929844
200878369
27123234
483724906
616100261
827274317591310336
394550190
1057962382885031936
211935442
1054298517798350848
775067054441365505
209332859
1054495347140186113
1050797802979319810
737913906442719233
3021311477
91160476
2410522577
1033471187769278471
4609618035
117211369
279528967
1053317023982411781
2754513151
1277542093
1051181380732968960
866506147
1057030623213305856
117883464
1056989599501877248
1053744397169373186
1054013982871306241
1051929846870237184
1056257212765614080
897848198882111488
1053367782891511808
754466886
586016122
21805864
155975466
1056463885434318848
1007743775186345985
1041300056857489409
4845977811
473172702
1046780393549164555
63685435
34571000
1380474619
1303817744
365678287
22608483
2506283896
1055771950860156929
211567886
729964258008666112
1032916155260956672
715280082613379072
1054029736538763264
1050297382343241728
1048243078014947330
1053688526087315457
1053590927875473409
1052927700816539648
427932015
2951591963
737618856571723776
422655217
782023013243977728
993973539710685185
1541746825
32034371
4758150675
940476900341927936
1051509500123873280
56676419
923829798513889280
2891389277
974940929260965888
345121911
1047555919301791748
2976049875
874227272802238466
2798382651
131611800
240820133
839171227
971315061204627458
583169335
1048138461163802625
896216167702048768
635681801
1013276206173548544
117975518
502739661
1045745553148182529
1044688881013141504
1850805644
21698947
3001155264
1045580954650255371
1044907415878209537
1043972139441954822
574735144
1044694840531996679
519661452
1044328654673780736
983389512
412454578
53632499
3085458472
4871597073
923191245954080770
26487307
1231279201
1041936320963203072
891752866410622976
1043065945172992000
21181539
1042470272039837703
1042392684135100417
1041437906588581888
249635137
1040851906632015872
391845000
2642505577
1041348301310685184
819565486182723588
464577718
838321952947200000
516448886
1038753154760884224
1039700810324688899
143025514
20223894
1039102745469485057
1039099003940552704
3290348265
3620412142
1038828425207795712
1038508079204196352
3327010527
846847048125165568
1729688821
1038098294633836545
704458170199052288
1037826394477219841
1011504743959728128
1035207413241192448
1036921438647791616
1028580958549762048
1035195961499377666
32584432
226647880
1036724309903990785
896118764961488897
2941175351
60633504
500337782
1035985824301686785
59447358
3085957678
580907403
1699057740
1573393248
706583194854924288
1018888220925456384
1029766189961109505
1003169617202819072
708216934
1034966531761954817
1015674419312844801
1032991045619998721
1034775955947102209
165232626
1034426628745703426
1034044816584265729
1527270499
1017675263864262656
1032283572592361472
1014835401784258560
1241665838
4883007081
1032293904996081664
730374450424729600
2868525504
1510205850
1673761092
359559409
1030512430030438400
3048192976
1030123185147207680
3732192075
911465789584224256
1029719945381376007
39209161
954301788047511552
42954302
1027179367150112768
1028958827478216706
1029125530560475137
1028959208820166656
2958761362
557673647
1027107671500115968
1021238955688235008
1026929221002780673
733580556663820289
1026382060083183616
3002938715
1020914141991710720
434781314
951396329913245696
140118097
1024938638021406720
41587459
724567709837590528
3329760951
1024420241064054785
219043369
1024375034477993985
1023641184638574593
1023606199651053570
1053250291
1023809462535180288
1023572823024050176
1021882156417728517
1011231625303207936
1015674864047357952
1022257881318653953
1565936292
30844677
803495641079042048
1021540713618726931
3414669345
992524402842578944
50303955
1005902254296260609
138194132
1020426654852747264
2889419676
969156498906583040
789379992681521152
2867635734
2361823541
84303353
1018029554852597760
40004661
34258021
738051932447723520
764708565911232513
422874545
67843768
1014265289708593152
876523670319058946
1013710585496854528
986132618193375237
1013643658971803648
1013533435586019330
940339449875107840
1004350026074722304
882972709940068354
968587494
28316047
1012289567901306880
177261592
1010972161824129024
1660403688
951743543080611840
2326944940
989946082418413568
1009049292458389504
66088439
2611654956
2148811377
1011885620673859584
750701106481733632
702511819676651521
982275797162643456
1009104243767300097
2984639237
34681319
1011365959192506368
178008347
971621502
839025556263952387
1931571619
1010258267161980928
992023793458663424
2733498694
1009664599803748352
1010647045466705920
725785018640023552
314590019
1009923719861501960
1010522668779622402
1009628473403609090
1010465247017230336
254974982
476277520
971466417211142144
973116035212685312
235266613
4534090341
235228621
997498017363066880
720163341595983872
998847630800248832
1087204423
4396547134
617046657
997105277815095296
912160100646666240
395277557
3019654894
1006183658158477314
857198301057347584
747877765710512129
216063346
1009035322359984128
847738297023512576
32353861
14479104
1009171224071729152
2767438017
1009084299130400772
867144952689692672
833111853421228033
1360085527
1009030352587907072
1008969236067307521
1008947386826264576
1008868888724066306
747340880
1008765241591717888
1008681280177934337
19236498
999668446479699968
822754124324343808
31472904
1008425196594909184
278629287
49315180
1008354347711975424
941748712283496450
4015729457
1007705080622145541
1000794255533789185
1472235642
1008033654554099713
786658600815124480
1008038892363280384
834589440
1007967805126430720
78678780
1849411176
1007780411412566016
1005836151519891457
1007687812358041600
880026389281419264
1561959967
139075177
1007569640275443712
1007342609789005825
988810415730843655
2578001223
409218877
1006451373456744448
884910397018558467
722326579104190464
937449122717732864
108317856
1006963434615918592
941851633
2611353330
508817739
484199969
1006886587672690688
982218047820713984
2833544951
989477384662511616
1006632804497723392
1006712220833779712
1006709225572184065
1006640132437495808
887304781336805377
1005528922228953089
1006243238087417856
1006570231517667329
1006524643606499328
1006535394056384512
1006533662727442432
138035990
4579554879
1006492407297396736
1006468478142906369
2976140344
1006216223162535937
1101523878
988340004853252102
1289073578
1005799528547717121
485067279
1004800038365794307
1005754036639891456
1005738052260687872
987615574619549696
921383415064039424
2731922178
1005550367243948038
18561093
1004019498519814146
1005486129624289282
1003259453196636160
27610874
2741152709
2431276545
1004497185550028801
1001753053077364736
889555584630087680
1004614211920715782
1003675697695674368
804184830
47305738
523419768
267114292
58197418
6382992
1004325827792834560
950737928250187776
1003255472957337600
837754016754982913
952119994162319360
998699600600068096
187957902
1004064087305801729
1346611350
1718204779
56382999
1003902404499329024
1187436906
1003599548827258880
1003583730194239490
785290236
894290363023843330
967463937280237568
3012908129
15609064
12648002
30853297
42187436
988467699008274432
517612851
1002984335119671299
28473745
1002323454669086720
2958423412
1002839810891972608
1372641625
352181466
3434518486
814153334
1000779995655090178
1001897755743346693
838752691861991424
168777921
49029569
925450344074809344
1000109498680467456
1002238983135522816
1001934011059589120
1002074516758069249
1002048669779222529
1001815362252439558
1000494317872525313
1451968934
1001749786213666816
18018674
268905716
866782414454091777
2422397960
1116476803
123180698
719879172
1562948443
961677998356357121
933043592565805056
939131980914053120
1001112358960422913
999620403759865856
1000865721251844098
1001117974470844416
1001104718561726464
797739977652260864
131274577
1000741431412248583
64669956
926329653652000769
1288427252
1000773803423797248
1000324180217335808
1469093066
3323441203
1000515960174972928
916057239617724418
1000157218879221760
635494000
985243589419700225
795929759200976896
977075534
999981533179105281
981574905350279168
972414783445196800
976153015051866112
111579730
358462663
999618116899475458
992372531024756736
26740943
999532599470063616
747366266969587712
999470457219936257
502176824
1578579524
970729060631445504
990601917243052032
786684668372541440
999055542688600064
757497998
998321068065640448
998947173575417861
997565568474464256
829401565379297281
1283356346
910531717248757762
329999041
3065848551
3304616350
820989903852879873
887963098392526848
717747883827675137
926155070642761732
998070731576659968
31234886
58188109
791468032585404416
920979193034186752
805658981788045312
997566449827885058
887100564
996362321780932610
3024653319
997396742621532160
987037666603683842
3937180114
986432741058252800
996111613416689665
803640598351622144
987194976160264192
989322400415338496
721303676141322240
1657738099
994354051541323777
346483428
4876107863
970200738281480193
289635629
959792993896226816
992505411126349827
3317635049
991629360359669760
2837410945
380840701
4795130358
995948122726641665
23344953
2925938663
704047529529372672
4857110681
4281387509
994296477529919488
216778461
1948595456
994805382764691456
358061158
339042706
994740060573585408
994896696860700672
1943988078
260093735
850508781100425216
994695034724405248
994691018653077505
994653074647126016
713319078157488128
994596080695246848
894896990013841408
2176296639
365327173
769307785368481792
898274708118007809
993271158576381954
963498885581869058
2577886276
471802731
35693275
285211477
993824656015659009
2209846059
798630765550505984
944280263357550592
993803508758536197
2830326008
4119392182
993068866778685440
707423869838163968
21110655
890703390837178369
559832949
3410656799
4439612354
463210946
1857510810
230885861
968266376308813824
325670458
923861606647427074
993100376760045568
3046951603
35233155
3570662715
704218000078012416
3128609127
991310497592070144
287640276
182918594
2464379843
494404599
840074324
977970208336904192
991643149809438720
992731308030943232
229152272
27290803
1570670569
1418412102
386509008
784032888656371712
992378094966263808
992375354051440640
949314799
2659036873
951259866655584256
794624790250352640
563582975
968618837280256000
38920558
70983504
992010635612446722
977090793524682752
21853001
3948432076
991448142418796544
991847212400472065
991811050105442304
989445874177724416
717706717551804416
991741219431747585
979750511904739328
18551911
422046696
991636355166949376
991645388322017280
976529452506271744
991631953026797574
991607173900853249
22121419
474169698
991582428564160514
2488946880
572084785
3134245797
819181990884872197
3044539497
851714244026544129
28167343
3426321915
867442629696532480
48514346
991150071801679872
950316176365817858
2297300073
990946380893097985
990877672011063298
921370831
2418099208
955503788865048589
989437339817730049
1228627424
786457377180557312
978157866166210561
1339803020
5985182
838475977562927105
3157720053
989847162564628482
70217386
990268686790529025
986910261020954624
2809908354
3125033591
990198916703453184
986559238733553665
3303649834
981668744920535040
3466668496
4005528171
411518956
989625252928946177
4767669074
340949024
575332314
907263188105908226
849860036360888320
2444215780
945886505255473152
972105021566390272
39210700
466452273
987022922849112066
498130171
2599947960
856176764476952577
492390896
984308884075700224
975460093172076544
320683924
985985706148487170
985253727526424577
32556617
58189198
985206503543136256
79488932
984102847624220672
753722716394496000
194716623
28331440
977552661980512256
880847895641165824
85673350
967169378629378049
976945148566425601
983756452941778944
983319593526681601
405889303
969269857131880448
906314069724016646
2625796871
982652099644280832
963072252
798105854478286848
408319714
575537423
972762007131820032
292177221
419870873
779620298266177537
741741404
48091623
713504047827927040
977703582588915713
981439858949476354
623193414
981272278959820800
3293830409
980755932538916864
755713103480881152
980449706638827521
980150385347350532
944859432877424642
28118398
972586047099031552
930891556478967809
978928958484951040
978867611017588736
978672543690313729
828254562041602049
978062462586105857
758636084532285440
973238651080597504
932865871
925280470174224384
977660065393061894
1684825759
977402500906209280
299220637
975999367550205952
596564131
28858401
969718594421522433
2952084790
2815604118
908291259210588165
155338935
871040146120085505
976768344203329537
966016958733996035
976459987559112704
3531015557
227381839
153461707
976235738437210112
975673789647376384
976202799674462210
931277271423504385
375157418
976083310236626944
968519745761931264
932909967119650816
493491360
721088422186729473
1860888535
791946041960443904
280265675
48251734
403285084
975663651041497089
975328653855698944
975469051794395136
49980804
975265656764583936
899160286594306048
974898193438830593
1561641397
951724929199861760
396567622
3111552099
39559073
974443782757277696
1386419118
974296887338684416
868923554
974280829198393345
780920838
973896042520379392
973846258598236161
814622448
442760015
973485408221892608
10333392
973449284497674240
815881555965071360
973277754283233281
4011899183
1168749816
972894144854151170
972854078190637056
14407703
972805265992142848
820014318
195784773
972485879997652992
2290093841
920221701211873280
971101526495285254
940664413836730368
972029850046345217
971827925262700546
971404007326535680
104506083
403552642
155333892
35454981
969299737772994565
969058978477965313
714190893893419013
875022856563949568
968063118961242112
944877104000327681
966702876000169984
827552754180771844
26660626
2840980179
965374789601890306
964122948792709120
963409638417891329
375109526
450480183
468797801
471636308
961603091446620162
1648462021
961388871085944832
2711644778
960985007627137024
961165256969072640
412982153
894590646584999936
1452076134
3935125815
957383168751030272
599448959
3238885882
931940197729697792
958630287935705088
958136727381708802
958654601535860736
867458219047825408
958303199642955776
830221629754109952
706174498136055811
953069070982762497
956959163195764736
956948639838081025
30832189
954411663167549440
955900867303170048
747980120535662592
13010842
2618285823
955632668175208448
930375944208113664
954814771651596288
890165854666715137
955053941502464000
546630416
1938142254
954035459600068609
869795347
954277928753352704
952643988649119746
194980168
954042682506170368
157446462
31383680
4791275878
466360936
313403883
953003367319695361
952339724026474496
950855404963147777
2284297743
949787348908363776
952681590332776449
313548471
7475062
946720072244002818
78436605
952239639678672901
952113396811526144
364180825
1241938819
154085982
951904359432052737
951850851878006785
951794314639704065
739001461057683456
891369756141531136
951596231167528960
951477363665141760
550633294
3046308363
31097949
869881979461828608
194933635
950673078924791808
560364649
139999559
936999012191821825
894323927207608320
950182359835512832
947420069784629249
949731519421132801
2953127843
950013990377283584
31671750
949994442274017281
816850845551788032
949973354643062785
868466901080473600
1088771191
949866180986228736
948978028473876480
949767979260096512
187487865
949719275388002305
3352656515
949674293503451137
102769790
947944715005190144
1066850539
14308844
2658804681
949473043126063105
949472311765360645
194715953
216654743
25558054
868046680410796032
949012654571642880
937653245085962240
4849502949
726162804986773504
849347534
564577703
3240938009
3001367301
989429658
2734525337
1624204550
1085179028
2466364241
50571757
38660485
803525853422505984
909774757289123840
461873555
45649112
947932635883548673
945365565991944194
2440307308
948666545923817472
30953657
860751058540384256
16652873
948351177682452485
191872455
917817421301415936
947945174017216515
948563376422248448
384848802
2834062228
947905526582730753
948507368152813568
948512096991567872
580943016
948381164481536000
948007146242891776
22204631
1562960606
243123899
948265722387496963
141963794
913669363642900481
25045435
318698462
3180861427
467747892
920191718053605376
948046863000854528
238193493
947912413915045888
451001764
947952328581271552
4818398051
3425561896
733071082769514496
947441501960855552
771320424856690688
248706024
947220138629255170
947157109107511296
833029876638765057
946054979848146944
947039456363720704
940167973519622144
112844946
731881557120667648
946859640398274560
940641337195581440
818754484142800897
934790984860348418
156390474
2756285289
75857332
286033267
946376588135890945
946457563587018752
942504287736877056
4792974892
912413279796043776
926456023631753216
945580049297584128
945679496639901696
940334840796401664
945640941817356290
702062246952886272
946099268221153281
926077020349632512
946038681781047301
1949043612
944994236142940160
539325925
3915244096
945722991832391681
944709551923908609
2464322534
941601677211205634
839534824285155328
825897440
944938302205022209
872009255863373825
945279264521322497
935854913279680514
945062023150428162
2965407299
820989716749225984
189304559
944944713110642690
2690047938
826260170200145920
488785506
944691091059683328
51266266
822548478463250435
944551754003345410
941799208578899968
412344524
944479225062547457
934158550305247235
898819581539758080
3625906821
2845659112
3234887313
944327136072093697
867821878697762816
22477779
912997351
941652134621270017
93162897
911060052
381026167
928537286442090497
851700258
4545992848
470215305
943407073819348992
902846673751302144
223141101
831162105214668800
2503550045
2548643550
921464945262329856
915650348349579265
940349581899988992
414592251
4879506844
941367569147154433
939720318800875520
4204219361
942156237432606720
853344719967055874
72228773
23413849
791299024296943616
941947080171548672
772116428
30097577
920705575943639048
941427537821032449
2742896405
204954184
939889336333623298
633065062
402655240
778042802
208911269
26056364
862205611345289216
87682304
826316616778522625
854991728620777472
2736093934
940848246737514496
749858570292891649
940016868798197760
893158314036613120
933731460510609409
211474227
939779705913401345
940668123535028224
940596385690345475
18489116
981693919
713884979374202880
904309024761499648
939620666105647105
2887130912
908403835
940213853526413312
483908741
2186121059
2845490878
938834414733324289
1890725568
939818513472114688
939799471394836481
340433847
939705899198926849
931991766257078272
905787826599591936
401601078
533441218
939073264550404096
937064177419587585
938978248947515392
746082079
938847053052108800
934061564495360000
937420799694295040
175795518
938735174145200128
907317745880059904
938730061095677952
2354129577
715611865452253184
3137704410
3243553791
926317627089281025
796495382108864516
1384723578
1161642296
936990073102438400
73369709
1921108686
173605089
329292180
916739702170030080
205183944
725969622617432064
814664259166580736
864120464075100160
829076350279548929
29685339
2856721762
928381529671258112
261891519
372241060
2796257746
931629376252325890
821363816
935527553263198209
917642045082173441
21595307
762405321142853632
18601762
929783112934023169
387773164
152033910
936140253760454656
2389680397
936530651985014785
811165031261933568
2886778150
218545497
929866053945044992
935904025979088897
2810637526
2425261350
96770955
76999661
919095216
394769873
2255450313
1244369456
934917590857773057
935171726614388736
934025598908993536
935235287265021952
471240052
3371223635
725841643
414320817
454310819
934584795593572352
864028616514043904
906324680
458592295
860252715531849728
932923776446205952
934730164059148288
934386239939272704
886314751554441217
916368414574366726
2465802725
873283986759569408
636389056
864406880092909572
504532913
203198747
934346291584425985
931974530662326273
934339559323815936
927609405171957762
795314845700784128
791663849254649857
4084979488
190003986
932453249222938624
93963992
932714127344197632
800930155
859731287506124800
1514618690
2591746917
48680565
932538229978533888
89670989
746341807018119168
930388132318580736
933256638600851457
313241487
76032666
2912685405
251690723
932961419569651712
816166829362204672
24182608
298407101
221086691
495764321
1029002418
932011331003277312
932578435100266496
930211112213237760
912001892154097664
344050053
2746877683
922410286270828544
841058717105868803
932337362687885315
932398852711297024
932358084101656577
2469247020
932236875804430337
930044667873447936
88700335
2594899663
897711858446200833
931839555417894912
931858540062498816
930668026579574786
3374109293
903605163491033088
3433364961
254725411
851183029062168577
144422582
931322300510752768
929346379889172480
4704294943
931235080328175616
193100212
931103823371829248
967942892
931058803512143872
930834437725671424
927661289266171906
66299380
3309991459
747839466656645121
3020468548
930529470657826818
66091860
460652324
930428777380884481
32816797
1327555980
2427514617
930110901012844544
2495032288
15709287
4698943284
3290469569
930050223015161856
875732326864629760
929685072785084416
244048666
2884366257
831244722714902533
929142706231742464
928551453186195456
926484410781913090
2744249721
928687082255667202
929246973768724480
919489723780956162
854754203704623108
246307468
4634967015
928899013327417345
3052964922
928873243322343424
75483287
47838707
40220910
926193553239347201
59396286
928678547132157952
14894302
928642872739598337
67565293
781767770299965440
3343154387
2300074509
4195668256
927918376541999104
928396710707126274
245380072
920923736328622080
3408728465
372744100
3059926564
926870929204023296
263086224
123796114
927191652082634753
927663304813801472
28059408
281438566
3602796988
924967935482920960
927557828080005125
2391791855
927498582294454272
926836233292070912
927485114845728768
927292205923995648
927226776551608321
927170084061241344
926518070537084933
1323144864
925797804303413249
927114174647455744
925047106808832004
871140936377565185
1686020359
926905609974374400
925475214221303809
926137717804687360
3817669397
232890543
783015043
913425972430540805
1408019293
2675989324
926565339281936387
336189348
3377840710
242321341
924280198366973952
925767242788241408
926089047784779776
3317574309
260450672
926174364671803392
892120389819789316
925053790071468033
903754919873843200
28970083
903789557891469312
2447734654
926178613321502721
20238626
897000450645524480
273437662
598314855
85161201
322886993
1924056547
925804131704598528
306859569
922581308961902592
470232379
925682840322396160
923821503396925441
924994918455627777
925456955321278464
925351620107558912
15880440
925338228428804096
925281739630669825
795785923329933313
924524967735197698
467993149
17896061
922124465630253056
404760823
1257278846
2767946331
2824152022
918528045895553024
895922322347098112
701164621818892288
924729787704381440
28740773
2719001168
924606409563664384
707162328199012352
1710815750
923439606967750656
822796578498969600
901567160337788928
924316838099607552
168497875
923046177754533888
859684392276553729
852898913237520384
4150198575
924000762736365568
19143048
1130459622
923955203057045504
744702211
236334657
915124547996839936
378433833
923800194646454272
2727189524
1546501928
806999075493212161
461105934
854017601642561536
923285665995022336
923285503310487553
3432831135
923146970339921920
1891920462
922977479521898497
807545772514410496
876226959352659970
912694689450602501
2887847992
3095370513
922139956511899649
537572048
725133537591058434
987333246
921027024214470656
922587295261364224
728622142921781248
767462209664540672
1019576574
802398577
922457815796592640
2186516387
498251000
1036088576
3372227945
922123374117163008
57651910
869951411441872896
920361122074648577
908329586173378561
268214286
719988860600631296
309559389
921801262005440512
919986752755924992
919963977165234176
2812652411
301751896
20671206
517321433
14161341
921241734117494784
871739482118213633
893297763999506433
296217497
1343719628
918504495314800641
400317607
921092170999885824
919659640308338688
740777973603831808
4833674201
920965835434414080
920934878367150080
920916728456056832
910473707973251074
231942868
901144701964873728
920741793909624838
743840968651182080
29262044
912863061387640834
1442227999
471837649
920416172243288064
2587361744
384825486
919608385795960834
2399663764
919174347222286336
2786277516
909832598620385280
3304301140
3007796441
615596347
920208388394450945
920186514142875648
920057480897581057
828373905798754304
2456863416
350136667
104485530
917811243620163590
708429394671476738
921360902
830563117272698880
3571525277
919702822865784832
1273087057
918210890079571969
919592633315586048
219319675
919571079299059712
919571625401610240
910092856508985344
911662209364844544
522536127
832584459249713152
114416039
805353292612194304
919041722641985538
1360223870
854062191133196288
1831203428
919146871641305089
1417712144
918444279349080064
910838734064685056
909817908016156674
865127763489042432
564491082
917305824665591814
918760233954144256
918834733634740225
1067771286
1732185331
918417221566844928
836231324453253121
2897263301
918598671058468864
917681205658701824
463225068
2727305812
2312126675
3012371014
41764474
251845635
475707567
1070313654
118002214
3003649353
469216381
798519581992226816
3653378956
918159135786586112
786991394514546688
616278178
918095121148731392
839959702054305792
1686431233
918038363873169408
219639212
1488519210
917319677830942722
190801640
2320054743
355688811
752381844004429825
917716949534158848
1174597663
225199377
917559595773591553
2778121740
840233635
916994066323247105
341628232
910251700807716865
2384133588
914969170701438976
917024043328565252
916972343636971521
916988873212944384
916973411905175554
56439636
583878560
3224648902
2765779827
2430186356
914043049176633344
916269330920337409
915136174884302849
916200334304923649
306227173
892362456319668225
916047622573645826
179258767
2309634291
2512231264
4259021361
3070689747
915605265927503872
724976869385342978
899341085192986624
263259492
3707177055
915475658314305536
842301594775519234
2888250250
211095677
28953356
913344692300996608
915576507929591808
2314099425
915562434890477569
4233519316
75768484
2815492698
894534167760916480
915312680226914304
155694288
31363486
718470095979327490
312933151
915169870131625984
914961134729523200
914138055891718145
901155200660119554
341599777
55049725
914757545633439744
912828160152137728
717421124
914573939120189440
878576351732695042
58305519
272176166
354718472
74778874
2877938529
18377085
914057885855965184
570845985
1318342202
1254926328
18323603
3315015587
153694624
910776339422171136
1371401058
894635073462554624
4179637336
3221654180
2402832112
913362077108011008
913353938614792192
2569305872
2717001489
864264654125707266
913141906141532160
836263479858327552
3354998249
31362430
114212387
43087564
733697810391007234
762362781156929536
306063407
803969535711834112
912869738791014403
1011377874
731250575879376896
1536268622
617300326
912628759831949312
550381378
912626799833690112
801449186319331328
84531210
912161963836403712
740153289363296256
912342871755378691
771327385820073984
910541604481589248
23988110
909086761950867462
912071725004804096
830527251997458433
912019865296343041
1281315524
2851360605
909581022
911769262754234368
819891166435045376
1702997845
52030984
911574426696785920
26546689
911483640944656384
911481986883162113
910081444042694656
911306241741377536
2962772627
874661954253729793
2763399114
319523152
910008015205498880
910120488902545408
1161438546
910870116853850112
862017834888699904
402377699
910798358511591424
910544375138185217
1483969062
226120723
770993037644300288
212162287
910429138061807616
2780001073
2845078127
910352092522565632
3124015456
48966732
879810016563408898
798787036282949637
835462954300682240
906584391463383041
458855432
904408434988253186
909830886748774401
909841229185200129
923135024
175880588
2197597324
909478766707187714
903234435662872577
137662149
2900504080
2420219187
48235390
820229181019656192
909008107774386176
793469441162014721
288105363
908788702373187584
909213074078486528
491742780
59617426
2996867201
934773727
909098270659682305
509997396
905153703304466432
76564366
908384462437838849
127247157
34639412
385608376
900042686396342273
2869678690
17511072
3085999337
908694775
88997996
738019321235034112
908656680380063750
908605331978276864
475907755
3330565635
996914768
819293950292934656
898112218511925248
324322991
3217013621
1387374270
908384849102295040
347486595
907918219771609088
27478792
869994155321298944
249882577
3306603178
767289729108901888
29174640
907194545913384961
36022804
2877139052
738113051212296192
396095977
908039079257952257
523778695
2559002312
822817243033698304
360445043
904037181060198400
285844115
403973682
300764684
455140487
835446875314606081
904054339014201344
907815202955153408
47410309
737515276443385856
4827858124
427523204
898987835105181697
907689315911827456
29435492
939883322
378811044
888833163035897856
907625460745609216
840903822331510785
838093194852204544
1294338835
907595107808968704
1138355514
1143974095
31160446
907567265868120064
586830623
907579341789450240
475959255
834311232
4686526670
1089552211
901187561317699584
188359572
907494574834286593
906971823878877188
907480148727013376
378380139
904202258476396544
907360165346897920
106044807
861323115560935427
1671592844
1242226927
142260349
3807122547
125349102
95575706
2711710524
2343420759
428598286
3377186866
781918265400492033
35787307
2405011753
776409663541800961
779005846311370752
98208724
878800765829120000
162674809
164203061
620116710
2707325999
906236605366767617
774254486
3174081767
1891650120
279650701
75778575
907301454792286208
154248432
14940714
3072539279
884886871792386048
2389284258
907258115246182401
253018339
348976884
346501002
727522993996451842
198431290
3404138255
907159871535157249
69243611
907165328907653120
954044946
99794435
270249151
36036875
907126354860277761
63084248
18287723
2784710653
875818268757504000
165386051
906946506070118402
992826991
19523359
836278382098845698
906929046046609410
1275677377
893785196390227970
121249292
2969511898
888858738064584705
902637039157436417
49454480
568422695
466722831
3982101449
510352272
54844253
1968614058
392873592
906206005159190528
906626976508674049
58244415
2799464649
160891836
567437568
906563346882756608
1063483650
2427645310
863060650783895553
3003078412
25174101
47685503
588177085
3296266024
1548701683
825108539320438784
906262683791630337
906258829071011842
40873247
13600532
2279386694
1104874052
76064329
42356846
4180645414
1371520177
2930462698
2517068541
842392878215225345
901724090746200064
893471479379185664
905720047024427008
1287260450
486794238
2853885327
19918603
339624871
455996130
324694086
4013728127
2454405547
756904680
2842621133
1461638119
801486913383366656
861689083831169025
1652517270
905722524394250242
2721651181
387320636
1743015396
905709850633658368
902508203484827650
784326186939797504
893139896965230592
366573951
52020516
904807978896941056
112472417
528914721
4871276050
146042093
2456350303
4847115412
741386280366428160
710013592
905354726245576705
1090697282
2468343230
222846335
892142445483483137
4865495578
876108078072156163
823279649023201285
3102835648
904792130211733508
2707852624
14651507
904760559370952705
904388759348707328
353939828
28098153
18475196
482195953
558010716
103973610
904681269325434880
2438454617
864762294
903576063359496192
3972585093
845726078
904420276162752512
834348788840017921
27724302
1073377369
101067163
15884905
904350495074115584
2166774892
64354373
2680213627
904094589648285700
217236016
903714646108102658
803310873821540352
34032913
611909786
902151382194638848
362486342
817745297287876608
60309513
184488188
26607070
3186816527
895103145839165442
822479936107716611
851933816146935808
952031550
