3078159273
1329094970112937984
3917261477
139396242
1364311259492077568
2468043644
1364686237915897856
1344599553341853697
804058230741762048
1361771808442245120
1341815052496642049
1323582618215030786
1364518035139162113
942528695218122752
1329136818965635082
66453960
2376760786
1364333508546723848
2647463139
3872209341
1322855265037934592
780114145
1142179276302835719
1364315456476237824
1246513608005214209
1347973708728721410
1364213777529528322
3431509185
1364135321437425666
84071317
1382715066
432760465
1363956233607274496
1363922750000279553
129000149
3034834636
377590012
1353176260302745607
1301763641679769600
1363480043306037254
1363796921148715013
2354449646
811368360
1174111224461692929
807953332941844480
1249402534587858945
1347945607806246912
1445893080
1363566497659031552
1228415935993786368
3089920956
1362855031888822273
124557522
1330510094073737216
1318166480874278912
1261373318961258501
356935375
1343427148451872768
1136759537183145985
1121861208
2178643862
1219961754492592129
1342265346531741698
29711137
784314642034102273
26667326
1363120974288289794
1357054433784389636
1363084021228593154
1362384712065572867
1363077957384876033
1294248670993547264
1281370315726217217
1186304222402351104
33659846
1362095924424679427
2396723450
216305703
1357633851347111941
1301599198761095171
1362834283392618496
1282263729040756736
385359841
1298754317999112192
2580326604
1335981160720199683
1349707475478568961
1360499842804559872
1362161102268858377
1172011488795643906
1355738015386148868
1358486644563742720
1346936090834460673
31452988
14557200
2966310202
1362006073784360961
1362369269065998337
1362338809548050432
1324099609933787139
214618600
1362288733140246529
1041676671391133697
824374729465270272
1362151138120892417
1242743959119704066
1166670918963404800
1354539535493951492
1264626211847839747
1228214065
1351643690582814721
1362022506404708352
1261035422110679050
952232833
780633569039265792
1349186272552775683
1075019975763611649
1162759869423935489
1361789899062603782
1214610827250143232
1322981399880736771
708817798789595136
1030707919539580928
2789794699
1361660032115433475
1349031523316621323
1095282107960692737
1357247708554223616
274469794
189883802
46872274
1198678815385489408
1361082442304618496
1361078836696383494
527871271
1352280055360192512
1346920459019841536
1001073174354780161
1027214034993602560
1229109517918646273
1360932454463385602
1056065223419924481
2289500566
1360759704125919234
1306536347776225281
2728453557
1360690112657575940
1315396091756584961
1360031187914350595
3255237573
1357810421995036673
1360619909185691648
237933616
1360594823485526018
1145717888755609600
1360551197619462145
1108873689234395136
1359554372917743617
1344737121769316359
1360350480724090880
342971374
1360249008233537542
1047409759777947649
1114905321724575744
1265191191085297664
1348270969140498433
1360119101880950785
1325142625565990912
4699519334
1360005520040558595
896147424821084160
375525771
1135491406175395840
1359758663808917506
1337777863504896002
2188290457
1359887851245219843
732348631
1359834018703884290
3076705175
1354521298953768967
1359587013012434952
944486314069635072
485012325
19770476
1423614192
1359283915740106752
1359112470732939264
37717811
2881057294
1359228164736765952
1359214757954338816
1041771397113151488
1359147073493434368
4878909562
1359107805257555969
1355545138840424453
1359087044220375041
1359082021776207872
378806592
1359039398164242434
1358826665032486918
1244625433926213635
1279933415907905537
1331771401892732929
772467218886103040
1358846295637712901
1329854457081946113
1300038185314123776
698301249729523716
1267724298179018752
1342922663728209921
874400905
1357291899036590080
930905843901566976
6706182
1358455713320820736
1358412112796729344
1358403969652056064
1358401187842830339
870292482071908353
2722114437
1358358605767053314
1356470653508083712
1334476236526133251
527924077
1357700385511727106
3347538569
427723775
3434073549
739180805474385920
375291555
1250443298751295488
1355914065990848513
1344827126705393671
1358001645838356480
938705354
13867582
1362009673
2528117577
1320399201256284160
756555822533058560
1345737320113307648
2287729996
1314870584191389696
324814506
1357586978418659328
1357451517381533698
1081088695
1357384583629729802
1353792612134772736
864406880092909572
1300409256752164866
1357344329950326793
26195945
87140591
977397318
505132358
1100782088381493253
1357066768016150531
1118904392126816261
1357005323316432898
1356333280233201665
1352871315104030724
1354474100358598661
3423763019
873029837224525825
156861620
1209777222321614848
1356573904127590400
1239966756795539457
2169427706
989463378
846390406040473600
1355618026335449088
1265498142667128832
1202978028869050370
1403769529
981875438275514368
771256375
1350056879465095177
307752452
1354417691151507457
1354772527638323202
521292218
1350546109287047172
947927713804890113
1306984911623028738
1383890976
1345850442358673415
3197923426
1209959269342285824
1085104797722791936
1137795050
1348055494401921025
92488675
1353085096870469634
1334615633191972866
766066458006810624
760245043202551809
1349709555345756165
3126808498
1351977924778479616
831788208274939905
1352157236529942533
245275969
1003301972303319040
1337266154453299200
1137455331540443137
1157732866438160386
1352226194645807106
1351957584530599937
61044443
1351161253608235019
1351988466511470595
1351972058360651778
797430152976334848
1348706074254303233
1346450969073217536
3120799319
1192793547969310721
868067207380709376
1290267293738586112
1729312021
1320371438642147328
1734153229
1350448732043681794
1350933504058601472
1329933047475671044
4860399465
1343535271053242373
4550346436
512542833
1274364629817462786
1348628002507206656
1473829830
1350290805219610624
1350210474923667456
1309506098110623746
1347219679975243776
1164227230882586630
539295094
1349658189369905152
1346506400252518400
1349895593871732739
1349832324649725952
1349798379774210048
1034754162834243584
1335623151087194116
1326860924486103042
1321093278729732112
412505067
950717820710596610
1319356593159495685
1347909074285961219
437676188
1348594423467302915
1347670029194690562
217500122
58991134
1115994427657469953
1244192957063929856
1348217631900393472
2967442469
54004168
1875914724
3079383862
1328282646405926913
1347892068782387201
510968482
42685376
537464587
1042531454
1347511316144123910
1306889880690216960
1347295592523984898
333056322
1119495825258946562
1346920082128203780
330813061
1333715688976953344
1347105813500932096
1346978790145220613
826190211948376064
22931488
1346937187166789633
1342783861969846272
1333526031878270977
1325135147105054720
1344976638308708355
1345690501140328453
1314989565007081479
14283917
1238014188036947968
1345836520536727553
1321716621661057026
1345376915889270785
1217811446408646656
1324804774206808065
1335604188064206849
1323973497492824064
303147031
1337447256740548612
1343147911912288256
1343130316198846467
492439332
1341881278346493954
916711711
1327313733295763457
957345496930095104
841376530697715712
1311026516285886465
1340026592001728512
1339671878592581633
1337894860452454404
1339315787211939840
2294266685
2157177769
2781715796
1284456461536571397
3174972523
1337430462504038403
1410711565
797582594586112000
146145613
1323399350417063936
1338051224592113664
1305923095295913985
161468223
1337008670908018689
1321427478972346371
1319974086274109440
401566026
878117994467086340
570085487
1205654574205460481
1336429187608023042
2177543188
717774036877623296
796282393808211968
1335358918063697922
1245267196584001540
1334866240007966721
102038779
1320397702111395841
1325517359453495298
1330052935057805313
1333888062460485632
244646590
1333373426682253320
15034076
1332760981311791105
1331700087219695618
1294327353334738944
1720099086
3044630242
4591751908
1113326978403164160
1013487002304630784
1294329264867880960
877510115523534848
1321859043850412033
2897192397
881498278092824576
1148589260628529153
1331300778389147648
1318573629504999429
981206720700698624
1330892617903726593
1279050714099126272
1595183305
1326826122345127936
1096530102
1330698215482675203
2351536941
2941127361
900020667722215425
1330435360338403328
1245232145880297472
1321535382140407808
1171815041001299968
1320763463409520640
57350340
865684426939809793
1329575356471402497
1042760238875779072
1269881642145009665
3495295943
248673535
1329356151868305409
1321132991578603526
1304542375642095621
1328808407227375616
1328112350700965890
1063751996996497409
1325164968912719879
346917085
407777122
306732338
2779921017
1316803038372270080
402201060
3226813930
1324719029689503747
902250039476711428
1220376411619385345
1317815001462296578
273555252
1326919325559754753
537063612
1326481808679182347
1324992154352148481
227028723
1311020889803313153
90475762
1216489949450637312
1326441198404456449
1246485663689646082
1289605775833300993
1314272839965593603
943198594399723520
551086584
744824273714487296
1205596800452907008
284202434
1226861915445612544
1326103724058677248
1040508242
3039114125
2231520057
1118734706
1325158725863133185
1209840936
414673146
1234386460192780288
1318645292309401604
1125452987525148672
1180133547115532288
1325257614754713601
851034167840309248
1081251622389469185
1325169336160407554
1323662828218294273
1325135103740162048
1325134741411045376
1053186080
1325127073761914880
436778436
134203390
2455399872
1324504528037830657
1324660644092780546
1324616046301585409
1305077938195501057
1339050516
1522512595
1324460204335968257
1314319883224702982
420346619
60304764
378044517
1324368225308676098
1319136619585101824
1324033520214462466
271313759
1324006189877940224
1323930312372555776
799232383891415040
1323685772747247622
1323284479574568960
1323026126294470657
23921250
1323409344071897088
20718240
1323172165244588033
788073680152715266
1323016651026108416
1303813804531253248
706608788074266624
715528716282175488
1322311900294762496
1272615308340219905
1052889736665280512
796025632408928257
1112705815729844228
1321880576790585345
2581033418
1321524460504158209
1295699934952513536
1309592754150871041
1321162186807533570
1321058225639358469
597343507
20916117
1320826422466957313
1021677364051431425
929685371381846016
1320361282441273344
1278110957332582400
1045575034050367488
1320017559857565699
1319919082431537152
1082363860798058496
1319386934540701698
1319757152202952704
1319744085352157187
1262827526340194310
1319667981488672768
109210189
1311413898671804419
346483288
1138333652302127106
1319316433675890694
59488402
1319511888854646784
1002141035080945664
1078657196790071297
734048498321088512
50074716
1142912628580397058
1307632853920907265
713351921717878785
1010155648993153024
2313975347
1310514517315596289
3782957722
1294774722585034753
1315323383605755905
87231417
1083439044124729349
1201470150626742273
1318989571670028288
1288851795318644739
111984540
1316716533998071809
1129849266892148736
923980158868049920
621129302
1318862397998772224
1486934942
1318168258634276864
1005735161437261824
370341069
41313247
1269410462631964672
1318602394142461952
1318586692341825542
3372645741
1094706433621405696
1318496541557088256
1318472107202838529
47797534
1247063171019476992
1318451827202023426
74785203
1110581600490848257
1315436190569504770
1318253735706066944
1318243153451864065
1256969220442796032
1318188301719883777
856529061597892609
2437389020
1318136002259681283
317729812
1318116433746853888
2213050913
1317949124336037894
1317942895530442754
399595975
1249779259276738563
1317902711686385666
1317858973526200320
146378688
1317795320965812224
984741302851039232
481050569
1287485359023063040
1317562553292214273
1261761315074433025
391573698
1311009370243825664
452929392
1215260626559406080
764793103102447621
1312735437413404674
941739399007518720
927139234988855296
1831109293
1317379483708674048
941388744183242753
874177674
1236475573326606336
2994346240
4203258370
1317197719883186176
939620613467049987
1317163140904329216
736458107736477696
1312270388001374208
193617866
902575069058170880
1168798994904035328
2269433298
1316835474913341456
844562487676719105
505004040
57488890
1336364510
1312439993114210312
542801995
1313474821796356101
135462851
782874264
2941544871
1315671331581681671
1306192423035559939
268247505
1316328277313810432
1316289968164286464
2756454263
813141158805258241
1315998574161924096
1304430937711824902
213079224
1316082904032849922
1316064240743182337
948659492098662400
1316032567167127552
67560404
20364569
1315629320539381760
1315705909725855744
1294662682075893762
1160940603796066304
51570882
1303720016362307586
831546524
395700999
850317707023200257
1019680486833172480
1266866127545798657
2759672030
118318233
427500993
2156364910
341589941
1314595788417310725
1314861607378444289
187128025
1151954555053203461
1148175883527708672
1156909586085027840
1314679751638953984
838027920174100485
1532850031
1261738155079761922
283148232
1220716103917277184
1310013382955859969
1181108894409601024
1192785575260119040
1174767521460883457
1181897337372839936
1259140896253259778
2977151434
1314443615037423617
205313639
968926388
1084936178959335426
1314292272729595910
1314291572620525569
3794668523
209121104
198605947
1245011728896753665
1662837349
1110818389067485184
1314237798375923718
1313850998339837953
155208139
3435202173
1312709852024709121
4184722217
116014104
52007534
916778107771727873
349415485
1205244043745214467
995396772
1249511695103299590
1313543132965941254
246449573
485081374
4820715862
1313734151535722496
1100374375956705280
1313725287788670978
985920069480927233
1313138110390251523
1158681326486204416
777805790480662528
305773324
1283181642576732161
1223920836
1125034800115531776
258269139
1313534908023877636
1313480838856798223
1312648449276489730
1195512892940046336
1313441448436604929
1283163999467646976
1181840582169288704
1292510258003431424
1308281045918404608
1311300465292972032
20292715
2960027038
851695104
258026952
1313099583904518145
1163806751377911809
580226185
1227737077846073345
1281196125517643776
36136486
1177559579820986369
1288219338626027520
126650543
3306909293
1098060303206477824
1297530800410374144
1312771896543453184
1312751274392199169
1301095886139854848
2410411800
2409662293
1287888687854911488
1312528278599729152
1137023451749855234
1302599882583273472
1311967240875659265
1222954363011944448
518763743
1310639860592578564
893249201030799361
949424481621233664
819647959986040833
749114929
1300448248977649666
919866611141611522
880142584944918528
1312010287344746496
1521480150
772806248798584832
1311301559872036873
1189625243746426881
1276963989625462790
1270411352868376576
898424585896329216
1311615585760038914
1705487910
16316226
1309459346921848833
1311618490160295936
810453453197688832
277968432
20594129
1263149342745034753
1000144345964646401
1301911593186406401
1307621517493235712
251272316
1297193484965810176
840274485848739842
755135427003244544
1311339715413585920
1304390474506133504
1311284952042962944
22356949
1121754788268576769
1311223423385952256
769573958509326336
1311212509265887232
2922989747
1311067542501425157
623307216
1293799500130193408
1265936435863072769
1088515231029039108
30824981
1310588623381827584
1266862965824917506
1306593394974625801
1310541308214292480
375639548
1303254152840126465
3130718106
2447988223
3093164033
2830053288
712204423116824577
1302750950512308225
44611200
577163367
1201247411814965249
1306464541719625728
21025883
1290576383731740673
534219572
129578514
1309884737901789187
1309828816085364747
1182420780577103872
359268879
1306655338440126465
1132704158098837506
4833086043
1008960337
1205511847480320001
2920803751
22356192
1309399248744648704
1296005970049597440
1309361381897105409
1293220777966424064
6996932
1241440660500230144
985109683
1300705957970874368
94775785
1296415159
1260625565809348608
1050275918684524545
2426569115
1068255852937793536
1149682784128110592
1308703705793994752
1061635039
1306525307453800448
1273935674274611200
1308468792670945286
702254384093253632
773074597054930944
1293246978814545926
1308292028695040000
14851081
2660726708
1297873617762623488
38639779
1205997572583776260
876284244
979081734
37624274
316719339
3061807528
345439238
1281526286
275570606
1307452035877535744
1305187506275651588
3217700670
1307259491684057091
184172188
1307048407513681920
1091781964561031169
1306957674794430469
3321354808
887191326873223169
1289245165203398665
370769022
1159452355559079941
1306635865737826306
1306636151818727429
1260648515191083008
1230281738989056002
2749720825
1298346730312937472
204060257
947371988875665408
1288099278041288704
1123021404
1157551921974132736
954066681621569538
1929815022
1306104158097997826
1306129057487163392
1127335007901581313
1407641702
1305076105511161858
1042459421446615040
1278759519280148481
1103905008792162304
1305614153655123968
67032595
1283089906965807104
1305525741170364418
1212727521097043968
355001937
1305271710883688448
262824223
1305057704331948037
265006500
1292416080229662720
394878897
1266684665487859713
412070549
1171776710104293376
251526711
1305051348610711553
799361520996065282
1304468483577712641
1035463344
1304871122891141120
1304856895593811969
302367888
1304780723564482560
35431540
712667726
333095941
1304716871426551808
1090473701135577088
1304664671400734720
1304667631342018568
1304526071157723136
1049344356845608961
1304527230891155463
1304499102986711040
1304497771697897472
354432197
1304481675150340098
944048623
720479910192672769
1304466210726215683
1304459250538815489
53328253
1304399501122326531
3260814238
1304349344569716736
1304346290017505281
1304339982992146434
1304337016289714178
356748329
219057300
3580125814
820351805808844805
1304109097265045504
778240055961845760
1304074327772590084
1304034570103394317
1303314206268235778
1304013587137138688
1304008607969746944
2296938349
2329195526
2466596618
1303953706795368449
115264139
1303816111734038529
512024919
1303763213042024448
1303750872342687746
1303718086634340359
235624819
2853811966
1190408205840605186
1303701714780987395
1301598757419651079
1265643681526288384
1303652399668699136
1098187615432523776
1303647996379385857
1303647824098271232
1303648197076824064
1303648061885947904
1303639036700094467
1295429005781467137
1303640436393861123
1254472518251012096
1303612733410152449
1303606761736331264
874228487023972352
1303573315211194369
1232826189670158337
1342247437
1299319958774652930
1303395536272330752
1303391776942837763
1303364049539923968
1258036975782834176
1303333518320205828
1303321263423791104
384882362
1303253552203288578
1229606735448395776
1303181278766944257
500745284
1228818720753176577
2941833077
1195759386637062144
4096112867
1302220024229363713
1272006310725328896
1303001212388868101
503442990
1104180612
1154023758199439361
1036889502994841600
3037430524
1302891960416571392
756650
1301011780576129026
1188497982817210368
1070356351992377344
2886824872
1230746536742514689
3220727725
1277318929879306240
906870962255265793
1277917703609757696
1302262178007965697
1290262707678187520
378795884
1182226525770407936
322845683
1280884694935052288
39713692
2333356367
1301978949967400961
1301955612037787648
25991120
1301893275759063047
1237107566347456514
1301867633365659650
1301757838549749760
1246236391643676672
1149268621
754059031950594048
30304097
1301599540542418954
4775595393
253067596
1715524604
1301442300418158592
1301323722008256514
1301231352944234497
49757998
589840479
1301148348553072643
926097018078064641
48710083
853484752241905664
1245731463401701376
1118179957123973120
1575738073
4392053963
366501566
28766654
835160426803523585
2577347119
3261893627
1461771632
1300662920657940481
2881996661
1193227251942350849
1374379202
28537689
1296155246423609344
1300507422876934144
369143776
1299791204889100289
1289715834248728580
1292622160075403264
603681116
1298973592366051333
1300166201004437505
1300161058028556290
1300157676828139522
1300125175262912512
1265346392144457728
1299363999826444288
37490454
1018973452877869057
38134892
2318670603
2887406883
1252249685651316738
1299598424262746113
710468714878132224
1199411830080331776
1108635346676400128
134432404
76125621
118804575
1111613438319624192
1275390497415213056
27843440
944172920603119616
1222397614794199040
116438551
1299128284815425537
2725327558
1103556498536493056
1299065204857278465
1296873330142838785
561056629
1147944449974185984
711802508444889088
803159667618828289
3315291220
1298853242525437956
293100122
1298680949102739458
170603413
1298663265736810500
1275235645645037569
1284565849274290179
1134608461
828952990954450945
1298320279932932104
1298361899533426688
39815835
1180786816355590144
985120037013999616
1685269082
3164977146
749368663980044288
1265733894567071748
3380364646
90663018
1298236544340369408
1298227861292285959
1178660806046683136
4339073597
1298176536676372480
1255884669071110145
132318229
788309660730294272
2748787937
1280066045080985600
293985728
1298003601244196869
1281971462656729088
1296399934284075008
250703043
1109499317855887363
35850145
567187078
2815713280
1297838043492167681
873593740115443713
78364857
1211676177288458240
1206861439375421440
1269226496855625728
1022786028237672448
1290728326248759297
1290335753709522952
1297608687587074049
236872034
28819395
394475638
2831667177
1297475876255342593
3422164017
2506283122
1296949982457745408
2212008105
1271166141105389569
1297161752682078208
284693066
44457567
3083496028
571071283
1086976605375864832
1296914493600075777
89000061
967682574
1290445750065860609
2761523336
1215578720892788736
449855599
272877697
1145357795547594752
2493099549
390900994
1296703263937527809
1296681504370761729
4494214397
1296564160671756291
1293889992415158272
1296553283390246916
67568093
435979835
943572162186764288
970012506
2734011120
1296522520162705408
1296511101824380928
1979413003
596005949
1296466167352168449
836621243927388161
1101037213704433664
1944280170
1294188330658205698
3375452417
1290894047314419712
394095784
1296054648969859075
835868437389918209
1086029115839471622
143005883
1296057718269259780
26150665
919304666
1196341281066291200
871711593154981889
1327731566
984510348446269442
1277906172243251202
1280546111380430848
2393916987
2439502163
1293622383660740613
257843550
1217427213341073408
1295633336392650753
1058787132
1295464935540035585
834699796032126976
42377485
825388694580424704
751207897
1295409599240187905
1030321710459965440
1295355022314737670
1291473389387952129
1295257911573254146
1078037362620485635
1295094227546910721
1290806335802675201
510592566
2572814782
1259058478016012289
47300662
902178922951008256
172662572
1218537673863958528
1005568823171387392
1324841486
1023498999339343872
331612214
847538997001900032
1144984841277992962
1275527873152126977
2532142272
1241378411316207616
394753685
1294494674137358337
1280845496874078208
1274485183585169414
870516766547492864
1119863579019182082
42189666
340777105
1293452502768193536
970069077489274880
717608612424769536
2739877443
1293984829583884290
1292408456356532224
1287371964760367104
395281622
38896394
946998735128748032
1288810719912304641
1294320156534018049
817075733118013441
1248379448493322240
1294269593498853381
3082854989
1294215340772163584
1284912248541118465
1127281321
1026379162372775936
849602065
1212315442208882690
1294041867294838785
826517249041297408
414623003
2320072845
1042110489633931264
1215175837
1293858698159435777
737639258509447168
1283867743901691904
853765833813889024
18935629
1290861390622859364
2245158935
950290397758132224
5986772
1080558808752103424
1278355851607228416
1293496058409033728
1293454224890699777
1260065893607931910
1293300615146332162
1263041077210222593
1293070318798602240
831217388133744640
3230038600
1247494378106601474
2646611289
902090695200137216
738314906
1134862140
2212843216
2763125722
75221026
1275879647180476419
1291470614100873216
1292223622350802944
73487150
1606254709
187455771
398584519
2958116158
1249381512727887879
1290984512340590594
1292080686300565504
26971544
1214649673933361154
953530087135162368
1238909412590473224
1291852605153517570
1291847245600522241
842664961180684288
2332177049
1291758433406980098
1282203541797470208
29182651
26397905
1037015286
3314594303
380776033
1243143925298278401
1726456393
1092426894753103872
764500362
68502269
2334143651
1278764022909808641
56729483
945186981079904256
1119731960
1291285755650809856
64037314
14430221
1291040493938319360
1223383942688055297
1109122186403561473
806133753852661761
1040713471342649345
1290567253524713472
3026704277
1217126742521008128
34954760
1290726856312971268
1211415264627003392
1283654526260699136
740872893920350208
1290651308442214408
1290668674723074050
766457148
797339195345948672
596548378
344956570
1249006690202157058
959158733900218368
904418295075438592
1290025295538528257
1081711032010244096
1112809186264530944
1288482625607401472
28746887
1290274584894361600
309679375
851784170
1229157099613171712
1374030152
3890560085
532062032
1259788136202330112
1142817341786472448
1211334868564508672
398860478
4772907197
1282627340976168960
493157488
1601061084
1273870312640217089
66918788
816974688
1275790148
1583211242
1259986429800861699
3050375140
852172597680889856
1289456092725088257
3296740348
1285534230328553472
1288915177564504064
98093876
374537446
942392026255036416
1284853734422597632
4120507696
1285975338825199619
1288976873670815745
3097367057
1061083177
1288872481453998080
874169343474585600
833792999763099648
1288391230846574598
2332158677
2773301071
1112333925521780737
2272769463
1288531224944926720
1120980275532652548
72268080
797451181064933376
849639518
1288078224275251201
1140345577877704705
1288288809977819137
1288091762486120448
1283908757060227073
861235182061449216
112527911
260883617
562084456
1239570210937585667
1268835323691270150
456498886
1194875028711657472
18199344
1287885848734728195
1287498522925899779
1286943029589311488
1154889158743248898
56360505
1287758684022542337
1286194243124506625
1238791515415207936
1596489332
1176221173870419971
58208841
1287541840552562688
35322466
1287484004783071232
1286814110353678337
1001896210704273415
1514147204
237475435
942074477478862848
2225184694
1286746651210768387
221692098
1024364165014712321
62559134
1741692901
467690981
472392415
205639390
1286665631337713666
166940488
108674141
271048217
31699708
1286624881996595200
1287009454593126402
367119068
1213202914254016512
245637769
1286948473510780928
1111678344016392192
398739924
2246879349
832713295463276548
3107979761
715248682388602881
1241475267840876544
1146147333333225474
1341335334
1283737615041273856
1286345936436895745
1286288189603418112
1272750652024918016
1064513920960995329
1285979308960423936
729704781204344832
953242848744394752
14331124
1638262352
1151960026443071490
240873883
556253385
1285622142781083648
1284925466638417923
1267071633052897282
54608701
1285640998471839744
934171943779143682
1282125029787009025
33331949
1213232412445921280
1024007298677661696
1080888664572473346
1084037722543702016
4919126843
1272849169242304514
1265360726635536385
1007996634750509056
1283167843421495298
1200875627475357697
1003668627495768065
1617612056
1230299336375799808
1285111968941080582
1195789950802911232
933410811669827585
1284990700208164865
820407095669510144
804306172975136768
1270882382686666752
832917543954313216
1258457964668760066
1284796929755492352
433585905
988058424557604864
1284648395773272066
964648514772000770
30891457
887470609
53957582
1284563580931776512
925317829158719488
1284553851639562241
1284553549419106309
181661354
44229992
934955425811845120
1284441272376336385
1208494366173605888
1124421057501433858
518358567
1284378887368179713
1284149913782108161
1284164541291667461
1284233936567250945
89818348
1284185997652172800
1284185963971907584
1284148949784436738
1284100170490281985
1252651108104798212
864514791641149440
1283041346094346241
1284052853204619269
209067225
1146101872849240064
1283888038502903808
990131898910461953
18167583
824162870904688644
439237346
1283821536449835008
1022063713162076162
1283692677863792640
1283758617586540544
966769230719877121
863132930431963136
73611262
1282823568682815489
521586628
926737882957713408
895246093314908161
1167037086911909890
1078632183902978048
983518842
250087624
1283317998720364544
1283384037076238337
980123735117189120
2588944059
1268117368875745280
711838856262389762
3347386576
197479576
1282986190405238784
599680212
1283188113385414656
1283166702579126272
1283160626261630976
1269217405672345606
1283133733470691333
1155943850256605190
1254386440940605444
84320276
1967557382
1213282650745475075
242850964
1282983682031181827
1068453644079677440
1282921333987385344
386433487
2976235737
1316300851
1188838659463766016
51665528
1277686651779678208
1191051679950626821
1282709308715806722
1282635107472420864
1188510439417757697
1282668061716369408
1548432379
765428101610364928
1276085777986961408
891675728152068098
1227617020851736576
1266684949530370048
1220141292295991297
1048179596829642757
345534509
226101564
1114699886967046144
1282309678333071360
1190983825284837377
1282311915860119552
788240513317146625
704336377807314944
1271692193238061056
760935200524206080
1282255225433272320
401636670
1282201603618082816
408340187
1282038439857225729
1282037442284007425
2293888102
1282015877001601024
1280543881348747265
1274824396264427531
295039158
1232769150025699330
1281690436147519490
1266371424
864392623968010240
34032735
1137822904031334400
477154067
1281643286764097537
2389492557
235168093
1038899941324845058
1245460823239266308
494038459
1214868778208641024
888516002887196672
1019747540919562247
28653346
992952453548175361
1238363576617914369
1281330536825397249
879103059036696577
1281313332511768578
1281247942842691591
49372232
787766142
1281155298351296512
1281164460460257282
931304076
1279118077393805312
1280843837611610112
1280959611131047938
133641298
615564104
1266130858609704961
758980210620375041
1149632889752936448
1280894584374071296
1280869505607098368
3226573738
39212839
1700044633
1280790881159831553
62806889
991414196691664897
206635667
1280623669484687362
1268918308914503680
1261752439100891136
1280543865016107008
1280533083570257921
1280530213710020608
68765869
3086976408
80563936
489471955
1109334146458046464
1280277307190644736
1280243349283356672
1280219314113650688
1055017424217694209
1275457709702348800
2834386870
1279831238027751425
1280092741582675968
1280090738374696961
867080749299769344
1280061163297013766
1279771154941726721
1279901237744467971
1276785770821570560
1279895412413992960
1279884268546777088
1218170027385544704
1229308505330458624
894148401662701569
2860570051
1279837553139560455
772095850575196165
2813568008
1279805591318339585
771223239984951296
1279790894602911745
1270001948452950022
1279720601276551168
1279711818466934785
1158783324250419206
343258850
1279690493706874887
1279557091489910793
734178035516248064
1279496130116620288
1279479139695767554
1279474707398561792
4715258783
1216110311616454657
1279364300793098242
1204145229818925056
1279245706931421184
115759662
1279171925143703552
29101699
1279147627100110853
32482257
54155180
1279124603357577217
1278086718718119938
1279100998049501186
1279094040974233600
1269917925512753152
1279074339535667200
1275751948915027971
1279061040190361600
411440471
430122224
237303495
1278934628301189121
1278922656507666432
1278821198189793281
857170457228967936
1363924897
1055341337174859779
1278759121513263104
180692799
1166725598
781770567653425152
1278566547112558593
1273385706228977666
488039238
606218818
1278422912979132421
1278400364857954304
2580785555
582359482
514169633
1278294536666611712
1278287667202056192
1278274583737573376
1278228624626323456
1033495122
1278157647536164864
1188091969647579136
941435261443026944
56354882
1278032422656004096
1278033100283555841
1278002029475115014
1277964853529858049
1277931799658758144
1276827030613626881
773298019
1277831639452864512
341706665
1274117388200554497
3301268507
758351262417027072
289611151
85661388
984678174876405761
1277618039580737536
749284058958536704
1277408924300427264
596758306
1277326752969363457
1277317955857059841
58745653
1277298154761785345
1277251205048270848
1276162733441003520
1277249436620591106
786645961359720448
586680883
918539473914335232
1271028365114454016
1277168983809064960
1275378564246827008
568243468
392322339
1090305283560214530
1276957608826503169
1252277161744048129
1276943578363842560
1276930426356064259
1276919111214403585
2494378335
1276857974951227395
1276838474155425792
874759544945217537
4686634752
1276086843080138754
1257282141861404672
1276663495904374786
590675765
1276466668693266433
1276440615358693376
1276436309310164993
1880485578
705843459052212224
1276260083496824833
1276215988590186505
1276205236932263939
1178920842199216128
1276144371365273601
1276141927860244482
1196116804894109697
1137911578802753536
1275930770826235909
1271900239084036098
1275909408397103107
1275896809957752833
1249084132006772736
1095780651217940481
396834441
1275706942917414913
1275694445468553216
274385584
348717499
1246439337681657857
1322096263
1271411197880029185
1266363574265327628
495471613
884556285680771074
1275202985359007749
1273232927371988992
1266299387551952896
1272428639318147072
2445412839
1274980645572403200
1275042807128956929
1273766098316464131
302791843
1265598313593737216
1273737485282050051
1274766214506692608
1274838777522016259
1213745796631281665
810165841077489664
1172884826564812801
124733810
704744519355527170
3057593207
1005474573679243264
127226832
747924691
738670145070059520
1228644841237753856
1272866036572971009
153873174
887368596
1315367922
1274435070133243910
1251397850740723712
1274404376921112577
840519806
1274335892736479232
1177352145827446785
1173239214420500480
149924010
4846593773
705970195
1227560490
1129438237456523267
1273007297967599618
1274081717154910208
1274010352213262339
717675135071813632
897558828
1272435071371358208
1215979261649014790
913409222066532352
2860089963
898578650924285952
1653800814
1210315451869339648
1005186202054676480
1273708469590335488
1267501002288246785
1683454964
846363631126237184
741483618
1270868818525593600
1894856984
1030470500219277313
1152415611110219776
1273381017412341761
1273323505971593220
929648474127204352
88907376
1273169171950505986
1214147301251268613
280473303
1272977458627821568
484297542
1268700134969430017
2233370608
101849280
713352496299659264
573693318
764607277
1223970498494783488
1226540428704518144
1272610325255393283
756500455073714176
834541532279627776
1100003774435913729
61180659
728674844976517121
1227300711169482753
1272054602779803648
960968544245764101
2994859653
1219692775
1009105290988605440
1029296525237788672
1134510738100412417
1272180513583882241
459216816
1063574364
1271949127157534721
23807683
1090193308213805056
236813516
1111083603155451904
897035900059832320
468771891
1129373116550004736
1271599336829247488
2618161264
1076569936158445576
914467954292658176
1271539556614094855
962761128165171201
1266398576504115206
22488975
1007216365
1152870105711370240
273984836
2859440832
2464849779
2757147833
77504330
1186227547501158400
1181084536559591424
345637636
1148966229933273089
1270698344348823552
1270972667613544448
578098630
2765504819
369939001
1264308686584938496
915947383590146048
1270721373376139271
1200801638753218560
1267778555871723521
352306584
1270648951864254464
340972732
1446293552
1686076465
1174068073252495360
1005510153876267008
1270358744900292609
1098694904
340347648
1245621923175780352
1155020039449452545
151932372
1264674869796634624
1268670197986197505
827035199804432384
1120014707170119681
1270188449728024577
1270110914923114496
432798064
1270068646157713415
892835027892961280
358020733
1268941257780400134
1269754582286184448
3246306365
1269546554656002050
98196397
2556557035
598197115
933413554417479683
1228439849083924480
1416059144
1372884150
1077863464452931585
1269539007534432256
1323321956
31407692
2870872531
1269387561098772482
1131209865144279042
1269342259843076097
1269341443493179392
1027192472693338112
776700028056440832
1232653913557434368
493456530
1250769791620648960
3432596218
1269212232799354889
794580804
1101594344002387974
1269037709634473984
473464432
410003547
1268956203159339011
1256316274088517633
978870208352923649
1268914212358819840
881530978954616832
1268879843149651970
727841587217223682
1127908762205945856
866876089
1268813325955149824
1266106933703999488
1234537300224303115
324427668
1266535528368943105
59900659
775676528
1255562159020478472
1268526257861545984
905545080
89800579
292376296
2174614499
1268415567104487424
1183055659652276225
4605691035
496851164
1252502078
28288847
35349633
819185277537239042
1266287734949216257
1268206668535533569
1268197425237364739
185991703
782179886186237952
1268179953704722438
340550583
1249255807574839296
1117880930
1250081711918067712
23614798
307424546
775112010740731908
1267989823647858688
2777144524
202308135
1267917909864730624
2168317102
745699248356884480
809393257
798384823
705273616
478797872
2409135620
1222612563650863104
1267781361173237761
1267754852446277637
1422724962
1267745848487809025
401356239
39280092
1267709820142063616
828266569470005249
40074830
1219179180203614208
1528846718
422234184
1055437958424211462
1265936773353529344
233450665
1214620780279083009
755076090796896256
1216423692693131267
1765446721
927890797504139265
1215178853318086657
1259545509401890817
868536295856930817
1266805944798904320
2414001932
829537773585571840
1267245463318691840
338621378
973081923869437952
763425176688132097
1267190643467706370
4869622019
1642600088
1028788739366109184
1267122414586073088
21093607
1267045453281079299
1236091402720669699
284998741
2953495684
919210753
3231871829
1087660116
1266811236961878017
1266798698534764544
735704751342419969
1266787218338852868
1583773928
2743001548
1209308769575936001
1170347666829713409
4456694837
1860423432
1106877397696155648
1266647824017563648
992113060914647040
1077803929889636352
4019265982
1266487823189884930
1263509427707052032
1259569847505125376
893543272605503488
1261763658415300610
68720276
1266320399748472832
1357473487
1085849856198012929
1667434620
1266259330665332737
3579740657
1266168586013466626
2589062897
872840171959586816
1226537752117858304
1143809434638004226
1258108507078918144
3238676913
941409509477634048
1265760942652043265
1265760064440328193
353550103
1250401586158931969
1259302166373847040
1265684809592045568
253245708
1265680553199706114
4870140845
1265661892418326530
967670980192669697
1194549940095258624
925462499884961793
1265583636130258944
4878925330
30704796
1265551171005153281
954350828483170304
1265396597334118407
1265371566784774145
1089648021556654081
783650716057501696
1265339620235018242
43315542
1265281117210337285
1264168529508601857
1056632941940523009
1264933723360935939
2974060113
1265007840994955266
1240018818245758976
529376391
813129018694336512
1264956193614725123
1166344777274667009
20240777
1264848309824487425
961682414962700288
393423546
3165238144
444839190
1264647566618234881
1262792489628585986
356936591
215965331
1264151565256085504
40196836
1247839437012303874
1034334484789907456
19934068
2748482788
1258746505831354375
1264427862809026561
350220504
265558854
1090120238983667712
1157384503989559297
1150142528487919617
491739111
1264182763252580353
1035289131751026688
1348922677
3034129485
1250005852884525061
1174277192236376065
1218268708960980992
1204391868508901376
2587071330
1263916190067576833
797365038751318016
1263884414351785985
1211592800040439810
1263797887739232259
1165043545872457733
2491173416
386725607
53335302
1263615771449741312
1263603392087195648
1246956986006228993
1256337149097623552
1248930906368290817
875449698
199632743
841903810536706048
1228718588967694336
113651795
324241734
1157272231074029570
1262810928296460290
1256190706030444545
96417774
900057129511473152
3580752436
858061058778574850
1263062471427923969
14275456
728754122728583168
431982811
902524385139019777
1087963844427816960
63452421
375605189
2565730372
1200180214778781696
1248264993826537473
28312207
124727588
743103732
303405031
3344193615
1261018909156749313
1252937001214644224
198217253
1222965058596233216
1262668411269767168
3272315683
884702238
1262644833015025664
54786894
1149264558428762112
1015667500158251008
1262539965298343936
1118816676
1262505611968892928
33512281
1262476380568248325
900465078637662209
1259142906918637572
1154508001203687424
182730170
1262271305929367552
1046717416984768513
356443795
74873485
909305959834689536
139009166
444143191
61467633
2873005891
714838189840711681
1261762749220163584
1261756392463007746
1195665430251286528
1261688254505590784
479480263
1678911680
908685897062895616
1261626224406913026
1253411011153080325
1230144009110278146
1261592718805008389
145974275
14286095
839370318036656128
766909627078369280
2248929345
3306092783
2381776175
1234852201891352577
44868751
483731822
913694903816867840
32355460
1261272036292386816
1004410585830821888
1219998536240107521
960432465025183744
1261139787412500481
1233324075885506560
1261019201013243911
1257930992536387584
41389410
855178277761294336
1260921089020092417
1260886582216753153
885625466580873218
1224971178001027072
1546344775
48655850
849706346
1259983800810995712
867762880816590848
1260645397359464448
1260619766697537536
1260604723318702080
849303039496392704
1260575048169070596
1260535512596701187
1894844958
796350041002799107
112398855
930739818824380416
20261086
118151600
100885001
721495484418887680
866846276
1260131131015430144
964435831724355584
237104419
4030533496
881960737199063041
1260206525555113984
1260195931770806273
1260170048905371653
1260052690899480577
1220749365100281856
3813423555
1259828272734572544
14292060
398921516
1259779259767369730
1259788675254308864
1259784059636637696
1259779380278112256
139504435
1259628673256304645
815302160
134034917
1253230709218689024
955753387
1259535694726389761
1256922723361722368
3299483476
1258562096511561729
518906854
1229772718809255936
1259406233385283584
1224822703909228551
2182286423
3247798133
2921098109
30675524
1098685939981922304
1238319678604312578
370337265
944200460
45299132
13191902
1668650750
2726331583
1058404093276889089
2728925123
1240178121179045888
1246046885674188800
396684008
1258503291174035458
843368866331971584
240747440
931237311928590336
161290607
1258465861612056576
709410731410759681
1247381935883722752
1127115125004087297
1255555555676086272
468719493
3019530155
1258355866497097728
1258314130508963840
1257363580619554817
1230141520851980288
871456846346891265
26226145
295526238
822856921543745538
1258147068981456896
1045670733161140224
790788711394992128
1154931499625570304
1256977556596760577
1258062928777023491
273156261
3380841065
1257020028819554305
1255810665618518016
1214912751472201733
2159082772
1257971741529440258
1257946444151033856
2869205559
2444869612
886878363285106688
1257937137250566144
1908880910
1251925554791669761
14419209
1111285556418355202
864235833175547906
1257781160517742595
56300269
1257741142193573891
1257734766536818688
370413272
1081932846980321280
3301531360
1238541519205916674
905140940884598784
1257615065655672833
1257007306522402823
1257591828972437504
774693123968626688
1257549286621011969
152456202
618268673
1160255757813714945
1257372612025606149
1257361241221234690
1257137911302160385
39294366
1246066650127970304
1257326695943671808
1255665296238673921
3086551296
1257315963751424003
1257308757307953152
1257303393749499906
606160585
1232063015916331008
49053587
1251803364683386881
1257235031208210432
249302490
1257195086716305413
1256490885056954368
1257108425965809672
297825779
1257085540404531201
2938879547
1163830488211083269
432845468
1257047006926852099
1045739226262843393
1257037861288841223
17156780
1257017823781625873
1131165884
53897482
27315140
4162774289
584920651
1256970142430486528
386180399
2726233402
245847473
860461647055474688
1502897041
1256912147390529538
465009841
433570496
4820437113
1256836590913142786
4846453630
903094653028839424
551391324
1167425823827288067
216123267
1256641384746045441
947567052465819649
1256586415531610114
1209972765270384641
1227298169261903873
541698800
1256514453358743553
127483696
1228337761704431617
1256304747348361216
818035533041569794
282790992
38914144
1256260696989487105
1256257961422467076
1256249189874442241
1256204889572749312
1252865967509524481
1238802143131426816
1125411179449528320
1238842278648655873
973963138566631424
1047041915995267073
1245027099171323904
940826236061999104
726788036
1256022304393515008
1126931028961112065
1253850710518763520
1255938589969518594
1255946571402928130
1255926536999505921
1245280305931583488
1255899793362169861
1232376857078706183
26291880
1255870555653373955
729421391724986368
2961895227
1081081827111198720
35957969
1158873329014640641
199964098
1255774047524343809
871130161659367424
14234927
734679177731969024
1255640320487772160
1255653449917661184
870609785888092160
1255589490686676995
1255571130880049153
1229894694034911235
1246192050925645827
851720875036508160
700970288377368576
1255478415500722177
1253391891934183426
790973070
1255427348125622272
1255405516316082181
45007707
183834176
1255158772198191106
1244242810225729536
321552012
1255234986887860224
486919257
254161091
1140618600157515776
2772775040
1255076109823213569
1255056151340879873
60088506
1254310784194224128
1932273151
1222399351407947781
1254778715998846976
287102272
1176962567853543424
952753278
96753580
1056160694641614848
1127471556454703104
528534773
1228392124342788096
463135872
1035630931791491074
764432288
1553877230
4919640964
813763613018193924
1100514397464731651
1227689664
538498163
2308675491
3554471597
64724166
1156951713854742534
968497356487450624
1254406261052968960
817054492285931522
1243290143911563264
2867624225
1254321220402757632
1254311532747464705
917302746096787456
1223324204646445056
1275944208
3405396785
1254276730409361410
1036777451085619202
785086572
2641086713
1135802640393297920
63488963
83385523
902088453529194496
1015343844353826817
445078792
1236802159494270976
1254033157881561088
1242856040070332416
219580408
3022178259
1253961598378692608
82839967
1253932997885059074
2409017120
2575397798
1253830225978429442
988743738007662594
1253555637004492800
1253757946653270018
802572180328501248
908787894
1253659203987632130
1252261339902418945
1253344963242405889
64655722
200253479
1137124654039126016
1253459119773753350
14284697
2914950441
1118573235183017984
280974117
28122133
1009170692380811267
1253323153809391618
1016326604987957248
796276348729761792
1092341851053572096
1253208719594344450
1239459947152375809
742383326351200256
249193483
1253069277302796290
1253064210864648192
1252270884502593538
997747819359428608
1173681030034800646
815183585879662594
1252937966323892225
418193393
623977235
1218127975075500032
225223930
1252711047141765124
59130586
3082262836
753450710
362896568
1252127025533530112
1252582396555386882
1252563542504587264
1252562643010936833
491221371
1016620383733190656
1251886847581708289
144954991
520742582
2650963517
1252282656395575297
1252190081219256320
1154529395442376704
1252189006336610309
1243820342503788545
851696592
3245929929
1203714768332296192
346506929
214525000
1250898934664486918
1249985686662459393
1251874982189285379
1214431306685263872
1233753520853131266
1428765290
1251771771239481344
787242202611195904
715250310948720640
55150834
1251613371117514752
1078704586674917378
1251596100005433347
13242602
945063825598046209
18473010
1251341122317754368
1251277829234462723
25665227
1198990283737833472
1251245496875835394
1246344771167236096
1212169651662180352
1251089070215901185
266582331
985516032
1115118381009657856
1251106680231940096
1251065081753931779
92778195
1250903562068123648
996468163557707778
63430528
1245249572722671616
1006084126364110849
940309792786141184
20030052
1182077012334260224
40106294
1243566213432848384
909076429102559232
746265021961900032
181201747
477943663
2393560101
3369200813
1250538049911566346
1226184495629512709
2310502713
1250029180403814400
1241779966682861570
1205249935454670849
906249164450914306
916923066
1107402025006964736
740815434
1250411200225165319
109253305
1250324728369147905
1546102460
1250275825846333441
1250254532996710405
1240303890786070528
790130140315549696
816969246479708160
1250132803745964037
1144374925618290689
2979229267
160108010
925577858
1250032379453943809
318797432
918762531430322176
1127962759541526530
1092173679801364480
842214522
1242755218250649600
1249950654359052290
1233315581522300928
1172846230164135936
1249855293128871936
1249075032363536387
1249795683588214797
122289017
753877994230390785
1249748484439318530
29026162
1249643265697239042
394457830
1249602840131231749
1249603952712318978
1241862568848826369
1224832080430821376
1249414464425701376
842025531176583168
245032842
1249370772226936832
1249358335322869767
1249337861884837896
2184977518
1248321209445556228
826493384244146176
1249238640867319808
45835563
1474119780
1249225767751483394
1238078679412101120
1100949871
715206991
1241502103488659458
43614314
3345399311
706443840966828032
1249019924544139268
790809752
844450699689758720
1224319311038353408
299501922
1218833481117192193
961509649001349120
1248726428620861448
219465098
1248760078959861760
1248768323942322176
1248729439636160513
1248715024803213313
1213116801644519431
1225782526012162048
3413777752
1248546502802317312
387489269
253524696
1243506128287391746
945870811
1248345696253681665
1248345866936758274
1479740833
1248054785355456513
1248001271216340994
1189914647337603072
495974019
3001415591
929991090387734528
839215748
1248128692997537793
1248128033992650752
2842551123
2832109033
484086786
727091870
1247954066979737600
1003595919936360449
1062334149976117253
896124532590862336
3005663363
1247804087048921089
1268045898
1130940919
1316674004
712931902336995328
1337436505
1231161090660282368
44486534
1059898848112508928
1100417856682905601
1247505479825330176
158278170
849941832033239041
1242103937806860289
1104075239049347072
700791086243971076
1247269582261411846
2987098397
1247219869822734336
197934830
33020445
1183831195513217025
1247183706978234368
1216064033276801026
1247068687271702529
1247053671378161666
70419881
1002871849360023552
1246857712174014464
1224636636610400257
1240708954080137216
2774216516
1227285816160006150
1246708346087976960
1246702466810380289
3094577159
52367406
1246667468627722241
2914562770
1246553384439742465
1246554621079887873
916718257524047872
1246493296697933825
1217646984137519110
3553793715
1346956068
1241375337960943616
436070646
26614338
1160078807568658433
1246381627787354112
1246372380659892224
2207159189
1246218910560595976
1246160822348513282
1245421528440766464
1728597240
1246110547243937794
1246088104613687299
1197102020181843968
1183316812471132160
1196729409866272768
3023533942
1245969096564449282
1218976622524739588
1152284297115721728
1224749750014107648
1245830478046867457
1245825621873344514
1245703760682397705
1245672301628141569
262027474
1245632962726514692
1240713800199872512
356404049
1596689029
1245482734581055490
1245466965084422146
988830251500363776
1192383557265756166
1245370955695783936
1243891876773625856
2192615043
942509192
195892134
1701331003
28112223
928659997172609024
1175857019242328065
2865649756
1197202351553236993
2545588213
707402042097209345
1245070230528888834
1216729804151689217
2546282090
1245043927905980418
1190935510799278081
23244050
128498339
45567516
1244887759531237377
3291877377
1244791083009277958
1244741331433422851
766989029799628801
781212223003820032
1142664449653977089
1243834399541641224
1244657346338586627
34382957
1244611640319979520
1244597852631969794
1129443565589995520
3423031833
4820625489
1244529928059727873
1244516926409396224
118140841
1145412588811014145
1244487193399361537
1244392349519798272
198972333
1244358803363106821
1244346069963718658
171337158
853751326974627840
1244284770386935811
1242950414405959681
1244281227185709057
400024005
1233810662020784129
341560219
1243978285442387969
1244236077289832449
1243865525882695680
89945078
1240320310060122115
90172549
2558543764
1244041911377301517
1244015058209964034
2788956422
1158495498757726210
756524868766760960
1242834501178396672
1243946963898380288
402638656
1007460739
1243897620390608900
1243888536480296960
1226538291639541762
2811893882
1243870439866318849
1434172538
1352206106
731166571452858368
1243828995956838400
290141042
1243674810204504064
1125718738047840256
58974084
1243627270415290368
1238839839262457858
365447340
336523328
3099474670
1243505560466702337
79532918
1243500952126197761
716750286883266561
17681911
30946433
1243438072089522182
3213368226
1214730404684537856
1076861293011877889
960138019843002369
894021335441182721
897090005285437441
1243225739438313472
1243221963029581824
25389573
315963019
943473132261773313
26989391
1132247359
1242436601692721154
1243185489257127937
226086207
1243168352475938817
879980506225537024
2858556446
1243110896542584834
1106106837580111876
1237438180640555008
3404518888
774723321745276928
439971019
179091975
1242927418467332097
1242889912828952580
1570908751
1242915275256868865
1242902104370548736
1242892509187051520
30010871
379226318
1242865243585421315
1242852982770798594
1242838435217448960
1184419683199574016
1255305642
1242780403758518274
195893717
1242728484788674561
792760530696110080
2867056042
1286133817
1240578636610244612
3051481269
139733759
1242567634706739204
1242563900291321859
479672368
1242546859756969988
1242542307418746880
1242534374907789323
1242508746804396040
1242506359582666753
1242505823009595395
384752374
1007630645533736960
242063088
2623668711
1235174576507715585
220739751
1242289541500661762
1242245663397724160
532092171
1240582235310391296
1059821714417373186
1241731346181087232
1242181298996862976
1155971615341076480
1242152406751883264
915682964671025154
914203986
1242096432842145793
511987058
1242063399028240384
1037866644
1242031981099171840
1242022869955162112
1219343306536161280
1237626609248731136
1241998408853880833
2507131188
1010955848062062593
1167001156876406789
1241308942145392640
1241908712647860230
802217082360315904
742967941688348672
292916120
1012034723072430082
2686128679
337145778
1112764066907475971
1240929847234494466
1241793610275840003
1240015571414126594
53868110
2546144879
863544854638465024
1149358757736058880
1241706069325479936
1241706921402515456
68384274
1550991842
1241673519282487298
4189170088
1241645520889708545
357493773
1024642821289136128
1016009734955196416
1090962345684283392
1240754939648978949
1241191142932262912
1230551438217998336
1623584611
1241361471822536709
1241325080715632640
1183847344854458368
1241304543251619842
1241037277809258497
1241285260559745024
1241285037510864898
1241283813038309378
1310668381
77260044
1203617220133367813
1164216150361870336
1238177008028454912
1095237107235373056
2938853619
1239595165242753026
1127647645508493312
2301925805
1101127623802011648
779013038
1238806690063175680
863559330
380589226
3058951529
12597342
708386671235100672
2446894554
1240898656007577600
1240895710750523392
840395526
1240649738141212673
1048290708371718144
2923598356
43973727
1240721942392561664
1240722238233591808
1240659907378139137
1240649553038249990
1237354206438326272
1239672019622518787
2844779931
1240588305474957312
1214496854462935041
1240581387968811009
70470706
1048989013
834172811241459713
1240388214642311172
23201723
1195781926734442496
1240331892886552578
1223532047341445120
710480509
482062417
395770470
1240267642876952576
1240254350452314113
1240258734821199874
1218871682804473857
1240253907613474816
1117547746855198723
1240227777015619585
1239641598608146439
187960581
1240195603516317696
1240188156269473803
1228984365545410565
1240181818097315840
1240155946330062849
747670773783994368
1240110105082945536
459175102
790606810583560197
1240067248565469190
1240059784704995328
1240052968910721026
1240052292184879104
1240049090651660295
1240023783253082113
1240021682477305856
1876281277
1336769340
1032882305222828032
1227757908122832900
1239974073582489601
1094665084113248258
1188121860438929417
1239960414605148162
1027952194593665024
1239934772597739520
968896695911239680
59394443
1138912118525374465
734054286158639104
413110443
544380047
2466560125
1239697852101779456
832328849329356800
1239666238974054400
1011145644
1239600357438820352
1239236033331544066
715571862588272640
1239258618651906051
314707186
1239427040203374592
499606054
1239333680675524608
1239325243027722248
1238198305630412800
1239283357172797443
1237082653872009217
1239277141281378309
1239251533608488962
333343057
1239226470096134145
1131221679995346946
1239180167475585024
1218178103278735360
1239165219982761985
1237740022981369858
793052154
1229808872
1229673196191985664
1151552190856802304
1239031496851283969
399079020
1220026897888940034
1238949237532037120
1194683335362170886
1238944300504952832
14301347
1238915476086042629
1214216344570224643
1224960974102368257
1238843193543864320
612480296
976013112
585501869
573669658
1511111563
1224423706350555143
908612509
787709435724517376
1221416971994042371
1075157116468510720
1165992318253621255
1206484524512825346
1238699517605826561
1236936045058457600
1238621638033313792
961189284454764544
1162306829101260800
1238572458996891649
1186961301681180672
1238542909542203393
4144594223
1237698272732512256
1238497731448057857
19712601
1238355482655457281
1238352496776695809
1238258206356451328
1102837679165710336
929450014690217984
1128721715243167745
974010335958065152
1236742812231753730
1238168088761315328
29021896
1238024597108338688
1237988374213996545
2761944778
1237862808970092547
1234178813929627648
1237811144410234880
1237708574798864384
1237586018724974592
945497653709766656
1237484962871496710
1237484758248108033
1178928221158547457
194716440
1189884862364356610
1701682344
1197231435888889856
2791474758
1237173314268925954
868368338711347200
1226557471264854017
1232063675416154113
1237058651401203712
1237058411319222272
1127813540604256256
1236992291635691525
4257876401
401888782
1638570721
117040167
1234364302716538880
23944151
1147564932210352131
1228807394836320256
1236751627115266049
988864135478824962
1236726161058791426
4742396295
1225046799846604801
1233736502263373824
245806321
1036652855753678849
943817462470135809
64539511
234937911
1236436898077380608
2324346351
1236406942861594624
1236399296272105472
1236336922450108416
297457775
1234781465285726208
466676750
1235983566921703430
1236192188989612033
1235622015257776128
1080448430508556288
1162112544624054272
1226426254116737024
1235865516666806272
1236003844917800962
1236000512236978176
2720070627
1235636288893718531
1235839755146780672
1235799019089092609
1235697205656383489
1235698260989423616
796111391073726465
107498641
1216061881150058496
1235590234060066816
1235575480520249347
1226095871659474944
1233034031362707460
1235524934954336261
998956726811537408
1227714682728919046
37165360
1235266441127002112
3401614617
91824425
1235293230377447424
3292949481
3172854382
3062711559
1234118635775569921
1234144658655150082
1128381103172202496
1234055751380930560
1233797298414661637
43509768
1225656011144302594
1232002719063343110
1233489252710846464
1039037949973807106
1233126509533126659
835562802752409600
2902340362
1230841818952224768
818200082218631168
338223886
1229401709652381698
811315869984980992
835433161249144832
939639818
1233124312007225344
1232742531621892096
1233069898479349760
39738562
930570161903501312
902442060283863040
132623283
1232637686118260738
998301286163517441
1232232406607892480
2279236485
1231870230256914437
1231779295057600514
1231706900141617152
3251188733
1200563129110978562
1218082707093303296
1214685524683874306
893175898094149632
1230541112525443072
115218307
1225765893063561216
1060284107945639955
1154328491221049345
3361000035
1132941889500585984
1229000250817470464
1229860293431504902
1229756886255312900
1229484167789977601
1229517966687047683
1164274450424107009
1214697884551176192
2992192096
983975456495063040
1206340074176159745
971741529319657472
1228305302916943875
1098944627879669760
1078366778965803009
39505623
3092634645
886300386377781252
946476559
1228089283153715211
2422632766
1227699022699409408
1226863013279535105
1228032485470212097
1452214986
1177136137514737664
705468069406228480
985143446896807936
1219201011073667073
1224936642106068992
1227686528744382470
358052924
1226260725120851969
887302752971489281
731973774036373505
1161589698789281792
1227614831836004352
1226252851241979905
1227511571640963073
2422137163
1227543028291772416
1227539672496254976
382779418
729853884039106560
1226968463232634880
1226169489521287169
1065561039809458176
1226275427519516677
1216054041345740800
2958970431
1226605725650227201
1226535060511379456
3213643733
1226518202269786116
1226503184111357955
1226486295981121537
1226472863378681857
1213175105821347840
1220403191419895811
1225130791509929984
1226307188261638144
1226252996838907906
923521592
1226233781054472193
1177227692892196866
28223086
1226152675173175298
1104555572899266560
2262850025
1226106498264260609
1050050355390701568
20971471
1091588221346156545
1566414434
934922527150825472
1225895380015091712
1165503692772167680
1200457441718218753
1403408346
1225463594415988738
1114206251725074432
563853292
3364151085
1225420372700471300
1225407511999713285
957782968323530752
747413551153819648
1225192995995181056
1225190390099271680
1217845247608336385
1225085709830279169
752510809528471552
862575026981285888
1070339709031862272
1225012573403258880
1260298022
464150663
1022437228461662211
1036931129553641472
908271441900171265
966792774
1224786357945536521
1178388655351701511
906816223442284544
1224754060739448832
1224745332703203331
961612606262915072
1224695084932878339
742812361
330398843
1224601338887245826
400057194
907192995585327104
386468654
1212473375689326592
1224421282168610816
1223608468772397056
1027493930840064000
1212545178029805568
3481236623
1075277152537534464
1224277417138819072
1222847257567006721
1211590876318711808
1224233940627656704
1224225937576939520
1224215895309979650
1224102574971932673
1224081250564165632
880170912506687488
746989710531305472
1018350270382772224
1224048108088315904
19344099
1224054718349107207
980849318772051970
1224023323694243845
1224013160845365250
1223996351664611329
1223974192112111617
1221539816610914307
4818078959
1223931121303523328
1223918265484836865
1223915560880218115
2719038615
1222612220581904384
1223880505193574400
923601924414468096
1223487869370748929
1198595668916547586
2441682307
1223716013214257158
558015175
1223604390382186496
3410434041
1223376910367055873
1223569403444371461
67570235
1218548804741423109
546186442
1223381128813432834
232139694
1221418020595171328
1214820561873977346
1223302724307034112
743474666602401792
1223177860543909889
1223179118763749376
1223176100911763457
1068763772586729476
1223008265019232256
1710712849
856954127435407360
1222979749900955654
143138922
1222971195659898881
465619400
310565530
2274724234
1222936101989638144
60655988
1222913311496425472
64025936
1222879703935201285
2844829473
1477073029
1222859465017450496
1138752668
1976230938
1066028727665070081
1220308799216590849
851715374
1906815660
917545860203982850
1222656412440047617
1222649476227137541
1222633514211971072
927905891424329728
1222620763934679044
1214138850169118722
1222170034044358661
20229175
1220826730736295936
894604457475964928
830380870481694720
1213121416570163200
889901633852801024
1219746494326112259
1222456600302178304
1222257521764851714
1349392472
1038154584118763520
1222209533851971598
1218224049849094146
218119139
3084631127
2245560411
1222151380326080513
1222144330086977537
967320265821650944
1222104102563385344
1070357006610034688
954444601124966406
1634817606
1233521221
1220191754793693185
76989641
1221795946490671107
1221515444504485888
204966318
1219905892117774338
1221784560641433610
1221770788526874624
1221757385288622080
34338218
328900375
1221518249537495041
1170601217870970880
1013370534
196239217
1221481994959368192
469634133
97950847
143195413
1094172301996818433
856202664
819650311983874052
801584870925471745
1219959736986152960
1221354537367298048
929746817541201921
1114274713050800129
1213803854979973120
1221183686755979272
426906313
194943460
1221152880310267906
951895916281323521
873983985453551616
116394228
1221088974229340161
791200903143579648
1022017072488960000
1221076097284157440
3633288554
2502712144
748708142209531904
1141027643330125824
19151270
16995167
999113972459757568
1352122668
20810958
1220431580994379777
4263136222
1129361894861676546
836129481970577409
450231653
1220899718068391936
1208916091566727168
896542432933924865
1220874600608882688
194730510
390392699
1927362378
3295756660
473914976
1220782147008651265
478132841
59829564
1220769819311726593
768426373400715264
1097308696579854341
1220747479811002373
17247765
31410553
1220702540976852992
4656350553
778545190378373120
470569494
14285079
76547574
293224201
1483740476
891963086873268224
1219323117157388290
728226892038451200
26218496
1135160811847061504
1220458046805237762
1187062527257206786
1209612432475328513
202166148
195738381
1220397972598525954
1047843615333126144
1220295370229649409
1220286247056420865
1220283131003011072
73103610
817477906637144065
28959756
1860076752
1220245621065551873
1220218654098362368
1089583008275984384
3024773657
1220083746369671174
749231994
1220098013030486017
1220036205187866625
2946622889
1219983513124003840
1219978291622400000
320246500
41671786
18018674
1219952628475617280
1219940534514524161
397402917
1219679611941990400
1219205897832017920
87441614
1219704190169206784
1207999313051344896
1219752568391372800
510153895
1219730612917063680
1203041028091129856
848075701
1210723352639426560
115357016
475770829
1219603877655384064
730744160085549056
1216710019691032576
1039771897276375040
495007409
1217472694867898376
963761227297120257
19285389
1196933800854532097
1234093854
1212745858975797248
53123134
1219351272370921472
790207525278846976
1214820247716450306
882310135988846592
1219275968872927242
1179321863081738240
1219261844096860160
1219258933891735555
1219249223293657094
48829073
28333183
1211680352818778113
1166762183763615744
1217726459860615168
1219191352631664640
1219178894072348673
1120806407765237760
923628365625659397
1218939998243868673
1216126726054514690
1207199508838387712
1139286173015334912
492267555
837531168
3340693923
1146935868877430785
1215766948912476160
1199076907045789696
1186768030866518017
1218606368430743553
1218607376489689088
239134619
1159440877712019456
1218483439701241856
1218462976694521856
1081519459322548227
1095407464428773376
1203887961319845888
1218278906500874240
1218266384481898501
1218215323297599490
1083448575504326656
1218145039756468225
1216287369013448705
1218091576305602560
1218078298984587264
1214643839564177409
932305582849175552
2724248158
2967682377
1217912238155149320
768836599102763008
826848803315707904
968259269878517763
1172869128983654400
220307207
1217792293069099009
1214288927718174721
1216618303688527872
1217484839215038466
1212135811832897536
718932155
1163547338071334914
1217198885057236992
1157227846756122626
1214312126669451264
47292703
3170550693
16203025
114549607
1217333769717407747
58319627
553830098
594646773
3915819496
76099002
624175053
995979366
1216082903391784966
2166083812
899182048908279808
1217130267502137345
834455494861455360
1210892612774678529
182732185
1216728278364577792
102973764
1216663139812618240
1216641527969124352
1210457436487868416
1216476611953991685
27429524
774850043509673984
1216401952302673921
1215050131575332866
48279362
1215742139252035585
41210349
1100386293769560065
1216182778238328833
1428642536
846086821188702208
1216048578172456963
1216033108333678592
1201513693596528642
1215983462911561728
1204292006
1215926666578612230
1079444710064865280
1215936669637136384
1215937262216732673
1215898421447491584
1215028600438743042
344506561
1215872112415649792
2539767473
232165034
1214699665565913088
102315256
1214653236516401153
1213985142961623040
1214716262946873345
1201964468005158914
1214599747807387648
742406932766527488
1167949993795342336
1213942967724957697
45569411
2697901423
1215292824238858242
1215259342900994049
314532834
1214907373481054209
1121715469134622720
360200955
879679249317335046
1214999845762715648
1214984706024001536
1082495822
875621263510650881
289610582
1736731442
1115568007185616897
1213759313941917696
1489708386
1209156707538153472
1214869328480354306
1205207821740064774
1069685054182432768
835833005298106368
1211634909292331010
1214841686968414208
1214133525173026817
82601508
364745131
31123630
341144640
2249063811
1207345022733049857
1214707597657460737
1210208862852268033
1068996040542617602
1054648416830218240
934532553008123904
768501214669598720
896461600424689665
1208475889496985600
247344442
1146512223247974402
446470790
1213118294195965953
1199207664825389056
521624306
1214286755265826816
1214266484362342400
1548954534
2797840421
1092825723256098816
241690957
1138477636144025602
917711638433796096
896817951898292225
1214006693656350721
1124673032822374402
890236695555297280
1213946101323059200
98170226
3303643749
958734087400968192
1213452350376964097
3178613553
1213029527766499329
1196414113754296321
30422161
1213632341156847616
1213632407066202113
1590564888
737207778
14508640
1359432805
1213466634251161602
2984357381
1177240524878729216
1173943312677572608
852968335650193410
836459838293049344
1058340496345575424
1213240139180167168
2157180153
85292815
4517651243
1213163950189117440
1318678604
1213147318674837504
1197632048019759105
1213131843022671872
1213089606997950464
1212479179578429440
813505733115465732
267194536
1210527083044253701
1211712856208498688
1212816227569061888
775685426380214272
1212766610458460161
730298336
1137778788866154496
1212443913014763522
1206945301203951618
1209415877122285568
1212441547888680960
1208854961565716481
1459759950
264824548
1190301855513022464
48256529
1097726201286684672
1212153924473380864
1186732523818225665
2572723906
938194083973140480
1211997954053046273
1003301428725800965
1211962756510806016
1110970555841347587
1211809724594712576
1211735908996632576
2367748527
1211262138204839936
1211609664632184833
1026105222249308160
1100299722743529472
910048838198730753
1211366428298792961
1211349375764402176
1211338346196156416
1205520354837442560
2766463113
1024293618893447168
1211081219946864641
196115443
87679453
1210987983303655425
1205509901419778048
1210838287616577538
1210765478102065154
1188553065575731201
1198971144113664007
1210660098009419782
1164833194924920834
1197198701019779072
2807792652
1210582358065340417
68378990
2860797861
1210475855987838977
1204152787245969408
1210356935964471298
1207049639175901184
1210226460973289472
1210174392283611139
258710303
166705699
345581620
1206498024555524096
269941072
28841390
1346859008
1209616135798308864
1209600752919994370
1209590457375887360
1209581927302356998
726482346371878912
891266757792456704
1175533243
1209439482006650881
14325584
1191371025960841217
1044205804528775168
1209206341824372739
2446684790
1182313422739910656
1086365760287657989
841797688920313858
212962400
1173093690
2230061847
939487645478064128
1181229793586626562
584283756
1480044516
1208299819502051333
1208268450617057281
1208225815567183872
47737455
1191341377424154624
1208026689730678786
1100679298044837893
27843850
1207911973993750528
1207802786227933184
2885506426
1207764937466155013
150799752
1207601594377916417
1207394754759184392
1069839625
750645471799017472
1206956004950388742
1207329623274672128
155893002
459996450
1207048521033158656
310258257
1206217038533971969
1054705473344147456
4289487128
1056684073446465538
1206703150264180737
1206695785053769728
3082346383
62169169
1183089598542602241
1206318089807302656
1198893855237693440
176929993
1206206189094264832
1203367636719013888
886757323032727552
152185205
538239623
865348003
948648094614376449
1205935053559255040
819471074459009024
1205847588500639745
1184840106357788674
3182174459
1899937987
1132633269701402624
1187264488485085185
1205541765765357568
1205520823689322502
1205493402059583488
1076085812369018880
1204021379844255744
14112897
1205427137680986112
137673795
1205361631389274112
1205317323902586881
254539503
1004404902
1205218829766410240
1205204850553827328
1205182647024132100
1205131963255918592
1205131825384955904
1205086871015047169
1205055492722167810
785183366417121280
32984856
1204704422015713280
1405135993
993262330493448193
1199777189257977859
1203318671369818113
1204511419703726080
1204501822095970304
1200709943231430656
1190413644691116032
493138448
133775521
1182665906272559105
1204386527649968129
1204364197271941121
29787802
1204336438994751488
907514267548692481
1162016432055554052
1204046456635695105
1273279082
1204106040838627328
60924119
1204021603195068416
1204003161876451328
1158476161858621440
237497319
24219219
1203787314272583680
1134587565238050816
948658178249646080
1203627452909658112
1024574197312446464
824160598103588871
1203387647881809922
758690618440810496
1203244408621162496
1203136538818891776
1194541207529017344
1068973431553748994
1195039117077352449
1202895999926251521
1185014567493083136
1195703807042367488
1199457597818114048
1201933817919000581
18797981
494813940
1202558058293059584
1202088731760566272
80837375
1165355019639709704
1027005495532511232
1202336444028731392
84639883
981603364478832640
192267297
1141402014343159808
1202238445395087360
1175805485737529344
156005263
1196888451527905287
1066436408
1180905814971834370
1101936773415010304
610049085
341484165
1199987924516974592
1200213938677469191
1659343855
1152283427154083842
53924546
1200332360870432768
526427439
1868545820
1201477404759351301
395020273
1010888724761251840
1201248384402759680
1201220661244551169
1085208116776652800
1200920085126434821
1172240008943755269
1191121799720910849
1196450285650169857
1200895508002291712
1199404219255668736
152734851
1112793518727221248
725243088738897920
1185223613680631808
1200461559941730310
1200449645970886657
2332661417
1198023579218202628
1374442896
1019311511112765445
1200086405457858560
1200051732543418368
1200023454004723712
769978537
1011676309129293824
2618992596
130556155
1231326974
1183885589881524224
1199738144758935554
4897874063
1199697209178148868
1147787147023474689
395267671
1162643520538206208
1376421620
983445374076628992
1157419866682527755
1199254968039030784
1191842239632330757
30609145
1198682415826386944
1178672733573517312
582918488
1170705600617037824
196085213
32934779
1142909926278230016
1198054959750766593
2851059186
1196894929575915525
1190674614172704768
1197599359837319169
453267814
1191916450564464640
1004308754672824320
726475930835755008
2506171157
2529899677
2201633908
900111515205996549
1198363941514162176
1009294615093051393
2460081762
117720862
1196118990214574082
1198244882890014720
1198204069589979136
498964808
1197850476479467520
195268514
1197756959077883904
329099345
2765816854
1178909377891356672
318021290
50446006
797183268948967426
1181956047877136392
1000509913708318720
1197439432628088832
494263265
908954402555342848
1197128408058216455
1191745633033568257
1110008430935175168
2187490305
1152958815027040258
1195391974540546050
45667816
1111510701695066112
4634616329
1060854795412619264
1196801465014259712
1196567899697221634
1196696671868112897
1129076472453443586
113300125
83633635
1196527020680896512
1175164717305929729
1196063439871004673
1134088884
1196216734233047041
2485787412
1196191161507074048
422053936
1128586414176768000
1196050818501431296
38642788
904342122
1196105246654767104
388881156
1195962884741877760
1092678376727502848
1195736100033183746
733096626
89056834
4640883377
4885614081
50263033
1195489751530430465
1195472902256254977
1194312862820392960
702157851872071680
1195381428395134978
727405800168296448
14285123
1165382838407106560
1181603398363336708
1195335800038277128
1195299815221010432
1195266369652219904
324983145
239928211
785464567
1194684397036941313
1195004205104320512
2182168214
851351054
2881731712
794271485649096704
1194920481591308288
1874757014
2980959867
1186576573023031296
2526338188
1003745769243987968
1148656248159649793
1193616577503084544
1177910546605182977
1159764487928500224
1194433264410406913
4364405003
1194563646636068865
789643599289937920
1073627301642948608
1130574665750126593
1194393676144922624
3065811681
1193264029738901506
2705210465
1194215031044476928
109556391
251724244
819849474
1162500518029250560
505714862
1138958358285836288
1131658567172403201
450543244
147013796
1185671733472305152
1193619554150363141
92488845
1080504332947202048
1139670444850712576
1091644470804836352
1133763595559407617
1193477433661501440
1193405416996257792
920387560836423686
522212150
15064455
1059471286311809026
1057752847067086848
1192913213496725510
766712241328619520
1156202727707435008
1192479630701289472
1060102283185270785
1158782291272982528
1192228523811000321
1192139116563042304
1192180173984141312
1192156090777178112
1192130308981895171
630610054
108861176
3055081521
1191962991522144256
1005528922228953089
1404613250
1191966543619473411
1177316183349039129
502078934
1191814536636116993
1191622843580190720
107611276
930733572
610768131
1040657921665892354
1191674171195088896
1509907334
2586939154
562366530
1190974324548788224
1183816293247602688
4697363652
1191475582070140928
3291028409
1181321997181169669
263968426
1044247235486240770
1191311221103960064
1191234678214332416
801919088989765633
978975311827124224
1140308084537139201
1187388616001163264
1190912185356226562
1190755237411401729
1189953767032205312
1083084483321049088
1190572336904376320
1189338268862763008
1190532346547777543
390186702
2490959038
1189145258564698112
709049906716151808
14586870
783182579432316928
1189639410628878337
1189629527502274561
1015666146891239424
1189560380110098432
1185290496236773378
1189306857522946050
1188173199080673281
1180945383826034699
905930897672810497
1162643153062641665
1189178751566827520
1623029527
1018258962410504192
1189122649030627328
365987453
1009329895363751936
1184512526987476992
2680195062
3038454892
1188757755424858113
1125990823915606016
150661088
72578677
555921987
1188366435057389568
991590697592639488
1188241843223445505
81212126
3095555487
1187771368680673281
1188086506566619136
394328195
2246069085
2167428404
1187816559768756227
1018046707727290375
1007566995041259520
1187751685613117440
193684152
848992992
1187710748211978240
1166563263062130688
763920405329391616
1187673227474231297
1186967404473147392
932710859750674433
4919532400
1187457731361476614
1187445982503604225
1187406089370910720
1187271397598547969
1185043683655196672
1187166871323320320
1187115671773175811
956120705929809921
1185455867421962240
2173964428
1187000001588858880
1162015103677599744
1116243944545955840
714229129
966285601791148033
1186874753140908032
448162713
1186679522919419905
1186658065665482752
1186623439823687681
1186622169926848512
1110989752994549761
1186040877338320896
1186337689978769408
1186306320229638144
1186124658371944450
1186115388142215168
173605089
1185943301922402304
1185920584078766080
866906167062257664
551791343
135788671
48351549
1185668648905695232
732397975
1185172766078783488
2227138105
636069708
1185457677729701888
1180345171772346368
1149983039654641664
1185280228442161152
1168639069334790146
897767104560103424
1185151702208516096
754223650744696832
1185113886816718848
1058299253792083969
592744632
1184976463436623882
1062352022769426432
468699654
1184917093080285185
1184914800494678016
1180930359640428544
1178769277790441473
741794556115623936
827007871623639040
1120685321518235648
1184706715905875968
1183041073045745664
1168173455864299522
1184605686984073216
700957291
1184540486339612675
1180448039728750592
1053243101228150784
839794498410532865
1184185246713073665
1184437975834386434
1166741265146204160
1169573352530468869
1179221875798335488
1163164668061335553
1184218182237769729
1183494722196852736
1146744470123307008
1184035393248870402
426109208
367317342
1184099033465458690
1184068564564824065
1073189514619863041
442687307
1183987231251415040
1183966824158941184
1183903182956761089
325620539
2744537867
1183845771621343232
1183807903066738688
1183812792299769857
401253347
1183674333081866241
15942797
1183578007245672448
1141421917943021573
1183458471712346114
1111388947727478784
4089262798
1183402138782916608
427734625
1167442550287998977
3953845108
1183343442124038146
1182327525713817603
3060316940
1183299316531810304
917108132467396609
1183180597306503173
3997297451
1183134815022960642
1182744065315618819
1169652501177651210
1183119198869970944
1180917842293731328
1183031030644727810
67311410
1087993338375139329
1175139314746953729
1182938738017652736
54662639
1182775413786992640
1182770354781147136
1182768287400247297
1182757145357508608
1182350249165230083
1182699763281678336
1182681095206326272
1182436642134675456
1180486134444560385
211749264
773389302705324032
1175123574325227521
1175293787922452481
1182563783253905410
1382972618
1177474740836958208
629484120
1182319702179291143
1182314665264713729
3236547287
2520486221
465696100
469400119
1179150422969405440
1182063753803845632
1182052707051413510
1130492751676608512
14472772
1181980105884815363
1181953244098109441
840902216580026368
1179231628649996288
1174994144823062528
1181917722864754688
1181889371936608256
937426483022360576
3288081645
1181666536630734850
1176926629060386818
485721218
1126403458272256000
1181621309555511296
2547046611
1011652082338844677
270919194
434613331
1181498691376553990
1139230201953603584
1180790225813020673
1181237799128838150
1181231652661542912
372132540
1181173996693393409
1180189655830007810
1181109953295196161
1093350445
1174400362243076096
1180968526762389504
1076996821363367936
996120594742685696
92741624
99752167
789995126755954689
1180585101580738560
1180695682665123840
1180631516713508864
1180252594343743489
840268856
707423869838163968
1180576013409046529
112133200
1180530384200720391
249076776
1180464447489490944
1179133343222390784
41325780
1180221218022187011
1180176463816986624
1180123364494585858
1180045318420881408
30622012
766368445629857792
1179889967314677762
762738981305978880
66779735
838753427207380992
586818380
1179774516769300481
1178562170629640192
1179504242027106305
1179698631789727744
918936682963046400
30417090
2929516594
1179600179051274240
1173489559272747009
957299084
1179469527521923078
1196272160
1179321032164958208
1179273631505010688
763298659
1179136012636819457
1179132410123948032
1171050221738123264
1164065309772451840
1179047531680063488
1171004419862945792
1178908647440764928
1122630722
1178836371571707905
527825178
1178753385517981696
1178388247862484992
1123572492168302593
906324680
1178704987830079493
1178690207073394688
1178674004615421952
1113420853981609984
1178605413316448256
2194078546
1177657678157533186
131005803
1177670696660537346
1176745383055245312
1178403181061169152
113354849
1178344620880809990
1172343313950638083
817370159740489732
3085019980
1176217232105463808
1096884265600667648
1178028243913494528
1178261677684543489
3774011181
1167747547345149953
1178226659591442438
1178208446044413954
356357813
982909977500188672
1178197570436423680
1161587664228933632
36330739
946183514692771840
1177891572656017415
932605033614585856
1178019167968141313
1178010768631046145
1177997553658404865
925445971
1177834949921128448
4897367458
481920659
1177690971326357504
1177610929468579840
1177659480496058368
1177639346440146949
373887269
112723413
1177540187620020224
