942528695218122752
2468043644
804058230741762048
1353592545587163136
1325171557531066369
1341815052496642049
929365658
2376760786
1325572313350287361
1347973708728721410
432760465
1157551921974132736
1353176260302745607
1301763641679769600
1363480043306037254
2284280579
1050705849730158593
1174111224461692929
1347945607806246912
3089920956
1362855031888822273
124557522
852284772206489600
2178643862
1298091326513152000
234359794
1357054433784389636
1362384712065572867
1281370315726217217
216305703
1301599198761095171
1298754317999112192
2580326604
1362161102268858377
1475596044
3303643749
1362473096888860672
1362006073784360961
1360170956476600321
1362022506404708352
1360551197619462145
14472772
1335958002671742977
1330166042144989187
708817798789595136
1349031523316621323
2789794699
1121299693139574784
1357247708554223616
1357288963652861954
1001073174354780161
1027214034993602560
1229109517918646273
1345347271290925056
1360031187914350595
1315396091756584961
963950220
1145717888755609600
1086072285407203328
1360249008233537542
1114905321724575744
1360119101880950785
4699519334
375525771
1135491406175395840
2188290457
3076705175
1359587013012434952
901335198956113920
732832997112729601
1359187522048425989
1355616476292636681
1359107805257555969
1265191191085297664
1359082021776207872
1358867677079601154
1358826665032486918
1358846295637712901
1355970421250781191
1264514587547877376
1267724298179018752
1342922663728209921
28792071
1358412112796729344
1358403969652056064
1511616164
1355914065990848513
938705354
2528117577
1352370090461818881
1314870584191389696
1357099159241768960
1300409256752164866
1357344329950326793
1352871315104030724
977397318
1357066768016150531
1356333280233201665
1168818075057025026
603631153
1356699767183712259
1350558587899228160
1116243944545955840
1239966756795539457
1356215750768340993
1349135814391980032
989463378
1356228046261510145
1337053689744330758
1069512285486489600
2178112384
1355618026335449088
329062036
1265498142667128832
1173530340
1087575559327096832
950389765
1333698242756943872
1017910182888792065
3261883329
1323582618215030786
307752452
1333993813837230082
1354772527638323202
80837375
1347587153740627968
1353823626869530627
1346904308269391880
1354476159216607236
947927713804890113
3423763019
1337667408027217921
340601104
1297848148933705729
3197923426
841399578838614017
370769022
1085104797722791936
1353800907855695873
1353785820008878085
1353624153312657409
1252258994946793473
1352924200466579456
1287629796193841152
522400405
1304006909469614080
1349707475478568961
1351977924778479616
92488675
1123293814108692480
766066458006810624
1333888062460485632
1351936902769881088
3126808498
14451907
1318989571670028288
1352641329445146625
1325205330981056517
198585197
30861191
215044244
141485687
1351677298618097668
1352385455795400704
1352340163041652736
517299590
1352226194645807106
1351972058360651778
271099189
797430152976334848
1351953531603968001
1346450969073217536
868067207380709376
1155176103989972993
1320371438642147328
425662850
1348339768736800768
110660765
158073222
1247162210486382598
1351095476314124290
1346920459019841536
1344737121769316359
814572939253350400
2569516659
1350173949796220933
1348702984549638144
2427734329
1288129229037752332
1348568373567901696
1350448732043681794
1330637604170194945
1347559716176715778
1350210474923667456
1350202040656551938
1349186272552775683
1215174870
93963992
1349958416761049089
1346506400252518400
1349895593871732739
1293959115316899840
1314164298948714499
1326860924486103042
1347570926708207616
280926639
1345555997474091013
987698092521787392
1348628002507206656
1034754162834243584
522209992
1348257595136606209
30678170
1318472107202838529
1348687541407526912
1348956314320445440
1278561687000494080
950717820710596610
1347909074285961219
1346927459552399366
1347776128497446919
437676188
1348594423467302915
780866302424420352
217500122
37069899
248598024
1133808332458926080
757866489450000384
1263813247112753152
2389309784
82011891
1346917001059594242
1348018338262372358
1875914724
3079383862
400801466
1347976083967266819
1081930035555115008
776165639333511168
586680883
1340041700434194432
2762204960
1042531454
1346936090834460673
1325762050732269568
1347511316144123910
1306889880690216960
4054412206
1347295592523984898
918355140
1119495825258946562
1031160186084442113
873622630263345155
1347120488452157454
1346931998338777089
426109208
1333715688976953344
1347105813500932096
1346978790145220613
1067573476184256512
1240992687144210437
1335898446142836737
14557760
1346940231078047744
515517018
3399757851
1346934757381312520
398992614
1346937187166789633
39029183
953266545236545537
1346928967450816513
354279611
4737586336
756221684940730368
1220751544842407936
1338589623606505475
1346582592104050693
1339710269312946177
14508555
1325135147105054720
1344976638308708355
3027163901
464592134
883538028626661380
943572162186764288
2419063065
1345459590696206346
14267373
1345836520536727553
166732826
286806021
1217811446408646656
32997553
1324809067047636992
1345252889510486018
1343130316198846467
1340055396636110849
877505073374515200
930361692936134656
3163686962
1329325473269239808
1344308387929063432
31385076
1343535271053242373
1005525991945621505
1160463967111852033
1258457964668760066
2185179080
494038459
167810009
1493967841
1342307448166600705
916711711
1324783813369712640
963448732632207360
1282410028830515205
1327313733295763457
1325177974639849478
1340757922234720265
841376530697715712
1338613835230535688
1340539116296015872
1337697869273440256
1053108241
1258062928777023491
1131567815557898240
1093768142365622272
701061542
216134118
14709695
702797993339195392
1196158151021793280
1339569639614009344
1337894860452454404
1323790185272877056
1339315787211939840
1338601634348326912
1314681569509027842
1339121711372001281
836459838293049344
1165321082259353603
475024685
1311026516285886465
2157177769
1241862568848826369
1338626180111605760
1308147897146511360
1274698459954786304
1313925153575890945
1334654351806230528
1338453398807597057
1056900000280731648
941388744183242753
1288223855488708608
2697989364
1337544975538663425
1294248670993547264
712376576
292916120
2969419671
1333673407985147910
1337081826335223809
2301046823
1331287142228774912
1337008670908018689
161468223
1324725921019011072
1336620741614301187
1313775971296849921
1032410214027354112
1241474754680422402
1284019390900580355
2177543188
717774036877623296
1336112776855625730
1336048090533519360
1336044777356324865
1335975660167307270
1335937171925200932
1335907198170443776
1335715477977509888
1297954075984777218
1331119338313674755
1335569248404582400
1330965765378469888
1058351850196480001
1335386432039432193
1324664641952382976
1280388689856626689
1245373763622969344
1293622383660740613
1425602959
703842023808184320
1181321997181169669
1330470374891511811
1232729927809687554
1333407546976165889
1694592770
1334253292478672897
1320397702111395841
18998300
1325139404705312768
1325170711158116352
238193493
244646590
2733223407
1333552212837011465
1333373426682253320
1077912359941931008
1272435071371358208
88001109
15034076
1326826122345127936
2466596618
1331322312008880132
90663018
1239857042384453632
1720099086
1328808407227375616
294307678
471142962
1241300658650841088
1332623346173943815
1329740797659504641
1294329264867880960
1332241653269213186
1321859043850412033
173656874
1320673870463062018
258383071
1296044944038277123
2294266685
1078772368875630592
3387593643
1319305269583749122
1148589260628529153
2559095526
1037705578313932800
1272234110900150278
1330892617903726593
1329794334
1050077644459528192
21672982
900020667722215425
1325822846581477376
1323399350417063936
808763900758028289
1321787880331763712
459216816
1320763463409520640
1068994016363143169
896147424821084160
1325158316901720066
1324409608237178881
2354399727
818122656004374528
1291908923994148864
1329575356471402497
1284816491876147200
1043057922
1080143174985760769
248673535
1329356151868305409
567786318
1160240097658396675
1054808845833396224
493456530
1328112350700965890
14310067
154135291
1325114889753518082
1321785115652009984
1292814777308213249
1262331577230647297
3101619167
1311339715413585920
548525527
819516737678954496
1325095369462706179
3226813930
1323969052184895490
1305613832560148480
2291821925
902250039476711428
1317815001462296578
1326919325559754753
54134717
896354345888993282
1326441198404456449
3039114125
1292194574291566592
2385586059
66651109
825588783311642624
833116330781970432
911673782410113024
1119693434967732225
1320216659177672707
1083680172023447552
1318645292309401604
46857784
1325257614754713601
881498278092824576
2481844412
1325127073761914880
134203390
2455399872
1315257168824856579
126650543
1324660644092780546
378044517
3231871829
1300390303300546561
1182546360681279488
1309687214
1324006189877940224
788073680152715266
97180996
1281275635856478209
23921250
2781766452
1323016651026108416
706608788074266624
1263041077210222593
1282650020421009408
1207764937466155013
1311706620267819009
224534218
1273232927371988992
1131296631859634181
1316289968164286464
1186299117426958336
1235316988773314563
1299191449939054594
1289058132526682112
729044071856144385
996468163557707778
1151954555053203461
1315323383605755905
1196191161507074048
1262827526340194310
1319694712308117505
4089262798
1078657196790071297
1201470150626742273
919866611141611522
1010155648993153024
111984540
1316716533998071809
923980158868049920
1318862397998772224
1019680486833172480
1005735161437261824
1318628437926563841
2891389277
59488402
1110581600490848257
399595975
984741302851039232
1261761315074433025
1311067542501425157
1215260626559406080
764793103102447621
1236475573326606336
3207439581
1168798994904035328
2269433298
135462851
2941544871
1306192423035559939
2756454263
1316082904032849922
1316032567167127552
2162377251
20364569
1294662682075893762
1265733894567071748
1238520563070615554
1266866127545798657
3061351029
341589941
1314595788417310725
1148175883527708672
1261738155079761922
1310013382955859969
1192785575260119040
1181897337372839936
1259140896253259778
2977151434
1245011728896753665
1233736502263373824
1211834197
1283181642576732161
258269139
1195781926734442496
258026952
1301095886139854848
1243863842
35300274
1302599882583273472
1243082982967123969
880142584944918528
165167558
1270411352868376576
898424585896329216
1309459346921848833
1311618490160295936
1306957674794430469
1263149342745034753
1000144345964646401
28766654
1273190719289724928
1300448248977649666
1265936435863072769
375639548
112810673
1259594430186696706
2830053288
712204423116824577
1302750950512308225
1182319702179291143
534219572
251526711
1182420780577103872
1293220777966424064
1304468483577712641
1300705957970874368
1260625565809348608
2426569115
1068255852937793536
1308292028695040000
375518355
1091781964561031169
1159452355559079941
1260648515191083008
68392051
1086003270517174272
1278759519280148481
1225157696585961475
1292416080229662720
1304775429581082624
1232653913557434368
1049344356845608961
944048623
1294041867294838785
803159667618828289
356748329
281629461
1086566097225162752
1301598757419651079
1098187615432523776
1190983825284837377
874228487023972352
49512573
2306155972
1296399934284075008
1036889502994841600
756650
1277917703609757696
1070356351992377344
1290025295538528257
1230746536742514689
1271166141105389569
113354849
1237107566347456514
1149268621
1301599540542418954
253067596
1298853242525437956
3261893627
1193227251942350849
1374379202
603681116
2318670603
1299632523908063232
769187005074907136
1108635346676400128
2725327558
1255899793362169861
2546144879
1275235645645037569
1284853734422597632
1326306367
1298314914793172993
3164977146
1255884669071110145
1281971462656729088
567187078
929741497360175104
1269226496855625728
1258562096511561729
28819395
1297462533503291393
742285682
1290445750065860609
775084458743562240
1287575425418276865
1296553283390246916
67568093
1229872212280258562
1944280170
394095784
2393916987
751207897
1078037362620485635
1283274615163359234
1259058478016012289
331612214
1090305283560214530
1294727984130203648
1274485183585169414
1851073669
6706182
1288810719912304641
1294221660132974594
1127281321
729127914
414623003
2320072845
737639258509447168
1283867743901691904
415662489
1080558808752103424
984424104844505089
1259584695303577602
2247014777
1134862140
1086108572457582596
1291470614100873216
1214649673933361154
842664961180684288
29182651
2332177049
1282203541797470208
26397905
1037015286
1726456393
1284185997652172800
945186981079904256
1119731960
1290651308442214408
1601061084
1273870312640217089
98093876
1284565849274290179
942392026255036416
1285975338825199619
1288976873670815745
874169343474585600
1120980275532652548
1208042953404497921
1288288809977819137
1287498522925899779
237475435
2225184694
467690981
1286665631337713666
1146147333333225474
1275341991522508805
1329995473
1283737615041273856
1272750652024918016
953242848744394752
599680212
1264156519
1267071633052897282
1282125029787009025
860861338070986752
1266535528368943105
1200875627475357697
1502897041
1270882382686666752
1284164541291667461
89818348
864514791641149440
439237346
1214729817339219969
73611262
521586628
895246093314908161
1283317998720364544
1244395340905820162
1254386440940605444
2990968859
1071398514389909504
704336377807314944
1271692193238061056
921633350590361601
2293888102
1281964171211546626
180692799
1038899941324845058
888516002887196672
1019747540919562247
1459759950
1280894264604536836
1258108507078918144
1229308505330458624
1027192472693338112
1235574111990165504
1273007297967599618
1194572505765289984
1082495822
781770567653425152
1278236990195011586
1265598313593737216
925803731114975233
123528160
1274117388200554497
1201941409
749284058958536704
1276941369362255874
1273766098316464131
1276919111214403585
874759544945217537
1880485578
1268956203159339011
1205654574205460481
14047923
28112223
704744519355527170
747924691
1249083539032866816
4540980453
1683454964
964881747593834496
1270340682708930564
1894856984
1273169171950505986
1085837599
212928588
705970195
1272054602779803648
65134133
984308906
838753427207380992
2164989654
1686076465
1264308686584938496
1212816227569061888
1270648951864254464
1267778555871723521
1242245663397724160
1264674869796634624
3246306365
1033705528218865665
1131209865144279042
872017931835777024
1256316274088517633
1255562159020478472
1260281676388761601
866906167062257664
307424546
1226426254116737024
1224401844333678592
1216423692693131267
1137387676930334720
1212153924473380864
2557001468
1583773928
1170347666829713409
68720276
1667434620
1143809434638004226
1265718610409947137
4878925330
1252127025533530112
1264933723360935939
1265007840994955266
813129018694336512
215965331
1213892703655645184
1258746505831354375
1157384503989559297
17805385
1734370520
3034129485
1218268708960980992
1204391868508901376
1218833481117192193
1256337149097623552
875449698
113651795
743103732
1259788675254308864
870676406853926916
28312207
3344193615
1252937001214644224
1230144009110278146
1262644833015025664
2471377160
1194683335362170886
30466329
269941072
1195665430251286528
3547190417
3306092783
1546344775
1255825563085922304
336188924
1056980653680590849
1220749365100281856
365635604
30203662
815302160
3299483476
2921098109
1184840106357788674
1219261844096860160
1257700379892080641
843368866331971584
3022178259
1045670733161140224
1154931499625570304
348959857
608532468
1156271613312212997
1257804361281003521
56300269
14284697
1137778788866154496
1248701701646884865
1247629687947476994
1257326695943671808
1240384767348129797
2186506295
796276348729761792
897767104560103424
2317021596
1237175921234391041
541698800
127483696
1076616824773595136
1047041915995267073
1245027099171323904
1245280305931583488
1255870555653373955
2961895227
1540901329
870609785888092160
1236802159494270976
1229894694034911235
1244242810225729536
2886207627
42854868
254161091
1167425823827288067
1035630931791491074
1130940919
917302746096787456
1223324204646445056
1135802640393297920
63488963
1932392318
1316674004
1735989182
64655722
853751326974627840
742383326351200256
1236003844917800962
997747819359428608
815183585879662594
83385523
144954991
520742582
63430528
1252282656395575297
1241998408853880833
1246071527562285057
1233753520853131266
715250310948720640
1246160822348513282
266582331
1251106680231940096
940309792786141184
923567834709549056
162356981
3413777752
1190935510799278081
1240303890786070528
816969246479708160
835446875314606081
1167001156876406789
2160006350
826493384244146176
715206991
1241502103488659458
3345399311
915682964671025154
844450699689758720
276655392
985516032
253524696
2958229310
572688222
849941832033239041
502730221
2832109033
1337436505
109298927
1059898848112508928
1242103937806860289
262491156
70419881
983006564566159360
916718257524047872
1241308942145392640
1160078807568658433
3023533942
1240713800199872512
1596689029
2192615043
1239672019622518787
707402042097209345
1245070230528888834
832142949769060352
998210384
1021442314785476608
1235474673514606592
45567516
3423031833
1244284770386935811
1243978285442387969
2788956422
1243865525882695680
49053587
1242834501178396672
1242508746804396040
1238839839262457858
3099474670
953350927632732160
1156143553589813249
3213368226
23201723
315963019
1235524934954336261
1132247359
226086207
879980506225537024
2623668711
80900109
1239165219982761985
28176273
3261070824
1027493930840064000
1007630645533736960
1059821714417373186
1230585964541759489
42494407
68384274
357493773
1237698272732512256
2705413858
1230551438217998336
1238177008028454912
3145528726
1095237107235373056
1048290708371718144
2923598356
340178584
1237354206438326272
1137286708175745024
1240581387968811009
790606810583560197
59394443
1234295155953459206
1226275427519516677
151768781
1232369464534093832
1229808872
1229673196191985664
1036652855753678849
1075157116468510720
129332526
2761944778
579308102
945497653709766656
1178928221158547457
1189884862364356610
1197231435888889856
2791474758
1226557471264854017
401888782
1204511419703726080
1236936045058457600
1147564932210352131
240873883
1233034031362707460
2940716746
848075701
107498641
1107962600913059840
1235575480520249347
2301440146
1206945301203951618
957782968323530752
1319068254
1223716013214257158
1213507706486542336
1207332157586317315
3172854382
3062711559
1226095871659474944
83250378
1234118635775569921
832992595
1234055751380930560
1120293297191378944
927525498770649088
1035695774
1233700757398065155
1147787147023474689
811315869984980992
1233489252710846464
361193517
2956432473
1232742531621892096
930570161903501312
1185744950719328257
1232232406607892480
1231884013624791042
715102780
1198768523943849985
1231450326559002625
826917614
812356821973422080
1119618272079618049
934420573312122880
1215342397992972289
1154328491221049345
3361000035
1229860293431504902
10082522
1331552161
1220413438188576770
1728666128
3408344206
1164274450424107009
2992192096
930739818824380416
1199457597818114048
983975456495063040
470070507
2862817012
39505623
1220083746369671174
1226863013279535105
1112789911227285504
538239623
2397752385
1227654714185129984
790836905625747456
1220747479811002373
968497356487450624
31129038
48655571
1012289567901306880
1102616735063117830
964669093
338324594
1127890457135124481
1226472863378681857
1214138850169118722
78436605
1177227692892196866
1063051586967101440
1566414434
1200457441718218753
36193651
14420376
3364151085
888362257708666880
934922527150825472
1217845247608336385
1206986046849929216
1196527020680896512
752510809528471552
1223901273499537408
1150167314060500992
1224601338887245826
864406880092909572
1220191754793693185
2445288203
218119139
1211590876318711808
880170912506687488
980849318772051970
28104451
1223920596234444801
2797840421
853017765803896832
4818078959
1223931121303523328
1223922241429295104
1248183991
1169712586520178688
1221418020595171328
267194536
1710712849
1051911360240635906
1207199508838387712
2506171157
1211809724594712576
1204048494836752386
3915819496
1222170034044358661
20229175
1214838562560073729
1213121416570163200
846601864569348096
1094172301996818433
1026105222249308160
14283757
3084631127
1217475235399852032
1070357006610034688
1449669582
1208475889496985600
27452286
132852018
87679453
3378982871
15023364
929746817541201921
710091820143919105
919210753
194943460
1085147355840696320
873983985453551616
116394228
1022017072488960000
1126591081
2824499593
4263136222
1014252906818785282
34990338
1214586355159912448
478132841
588112032
1097308696579854341
17247765
4656350553
871278036859195393
239134619
470534449
716198120
510153895
733096626
26218496
1187062527257206786
1094604983562133504
261635274
1142157764275445760
28333183
907951861214400513
397402917
87441614
1179321863081738240
1164179408141398025
1216710019691032576
2883782007
4260193702
611943517
882310135988846592
1219258933891735555
1166762183763615744
1192119033295966210
492267555
1116734555984154624
498251000
797910304302727168
1081519459322548227
816018592361746432
1195962884741877760
1214643839564177409
579221819
2724248158
768836599102763008
1172869128983654400
220307207
1212135811832897536
1212441547888680960
718932155
1216653288864735233
4364405003
465080091
2166083812
1210892612774678529
81212126
1184099033465458690
1188553065575731201
1079444710064865280
1349219221
344506561
1382814794
3082346383
1214907373481054209
1163517512526565377
708139225150070784
1205207821740064774
923496554081734656
31123630
1214262067219140609
917711638433796096
1214006693656350721
1173943312677572608
1195740678137024514
1085260503000207360
789995126755954689
1204021379844255744
1205248080632860672
254539503
119382814
708857025
1203311555166662656
60924119
1204003161876451328
2992981499
824160598103588871
1165355019639709704
129497287
1199987924516974592
53924546
1090530399003033601
1199163863759048704
1191916450564464640
2201633908
1181662647399440389
1184555293625204736
1151111068342804480
1194909417184980992
1196801465014259712
1196696671868112897
1022710010
1196397044245684225
4885614081
1165382838407106560
557101543
1001425367452831744
2526338188
1194245358810992640
1194563646636068865
92488845
1025861259198164992
1192170181528866818
1191842239632330757
1189145258564698112
1190010077618552839
1247097752
815156798
1187097868718526476
1188757755424858113
1185885650198978560
1186660377964138497
966285601791148033
1186306320229638144
1184124581101133824
1184721711016632320
327173943
1183845771621343232
1073189514619863041
1183891217140060161
1111388947727478784
1156501430179639296
1183180597306503173
1180917842293731328
1183031030644727810
1182938738017652736
1182901688971284480
23517058
1182436642134675456
1182623660726738950
1180486134444560385
1182563783253905410
3182174459
974761699457884165
629484120
2520486221
1118573235183017984
469400119
1179231628649996288
1152951997647249409
1176926629060386818
1130492751676608512
465696100
2547046611
631980430
1112746772349288453
1181109953295196161
1093350445
101493937
1177511242828849152
996120594742685696
3158293945
92741624
1180585101580738560
1180695682665123840
707423869838163968
1115903867403763714
1525784168
1175139314746953729
1174711455276572674
384825486
1180123364494585858
1082651302818185217
30622012
1180036802347962375
1167747547345149953
2874106462
66779735
287128574
30417090
1179600179051274240
1179600745617936384
1942164630
1029672159411621888
1164065309772451840
1178388498937712643
26481453
1123572492168302593
734947918831095812
1178605413316448256
2194078546
1178344620880809990
266766517
1178298748386054145
3085019980
1096884265600667648
1177834949921128448
470300878
1177891572656017415
932605033614585856
1161547589701001216
2428268087
175811151
80031880
1159498096679825409
1176745383055245312
373887269
977356411
112723413
1177540187620020224
2344877453
1694334824
980884999
1175171766865543168
966617653396860928
1168944617598988291
48460736
1594570723
865831118041485312
1176741720937181184
1171163700616663040
1176531088866500608
1176721866268041218
1176592149195964416
929200105978318848
373868745
1176503441704804352
958871713793548289
739072939
1175504064194469888
1176245590486855680
1176222456404684800
1153358013807386625
962740465
3092226268
1176061098002395136
1288689385
741947831611691008
1175904480694546433
813364851078758400
1175114727254626304
1174939393489944576
1174938412047945733
740281790
1123834697216401408
1174455860686393345
1174588538563768320
1174228350107303936
848423077394468864
1174375075262476290
1091311406757150720
1174083955718533120
2501737030
1008788329578541056
826091790763687936
1173661157430910979
1656461154
1132960117647958016
3587337442
3050938552
801159913
602242618
1091372445607579648
1169618875929026560
1173733071809646593
1167036671923298306
1104745830374952960
1154107586473615363
1173340108306755589
797806177669226496
1611327608
1156259781134475265
2995607338
1172555326350155777
1170931327430004736
918882484242202624
1125877695475265539
1082291405677056001
2541951799
114418399
1172636917420167168
1172575268168523776
1172335295972298752
1151840040013770753
345318908
91984597
775314242
1172408276098486272
1172408333761839110
526651741
161782584
313569546
1103635154562678790
1149735397242613761
1171779258257203206
1171705211674607616
1170670326914699265
1060159897550118912
994331635628826624
1171499306034978818
29789271
2436308109
224862197
819575703045832704
1169986791811747849
455659359
196488255
4085288933
1171177479085723648
782582539336740864
76973547
1163519128063401984
949405082256363526
1068570030135222272
1112718108534415360
1170961259111616512
44342897
1291229996
1170949483460530176
1088024747303206913
1147109641190563840
1055790998700331008
171009485
1107683338364600321
1012120447150850048
1170622173729427457
1090223520934739968
1170612225603768320
83379855
1170321406653063180
1148163917534965760
1100840264523022336
1170106847833001987
1147925492814753792
1121299032297623552
1170079237698654208
1170063471909752832
1067875932185264129
1169877857398427648
15915182
1169774254788960256
1169575789521723393
1169676312124018689
49449801
1169615757711462402
434296491
1169603219779129346
1169571920427343877
1152227669876051968
1159456877832527877
1026168501051027458
1168830923401506821
1008746142081929220
1169393400992456704
835949066
1124044039987376134
842424645496254465
1169284632149467140
1130007670386126848
1147849331740938241
360130131
1135258679878533120
1113660042606202880
345488848
1165242689991917568
1169128042070978563
1133781622485135361
3433942599
900341662919958529
633243231
1168882548719673344
1168858685151596545
1168826838455660546
17546840
1168511399120834560
1148974143813181441
2185955528
1163585979397083137
911677743988973568
1162243218550874112
1168530257617571841
1168514466352263168
3071006507
1168388447230398464
2987674491
848496867440820224
1117869971630166016
1168114071243284480
1168093546802503681
2351195746
1167914295348404224
1167867390845173760
1086179752937967617
1123924334647697408
1167718068459626496
1116448459802980353
1167688930134822913
171868751
968618837280256000
875082804782137344
256597026
1167148573936508928
876853728653062145
1159876127478964224
1166986801682288641
794754834
1613596825
3131984133
1165874565769236480
1004815107241766913
1080575412374253570
1166469087108710401
1050317076857057280
110950126
1094580882717982720
1166289486889857025
1165538945406517248
992345161391853570
928663865851826176
1165936772771209217
1166011032558546945
1164436570121936896
1165708687115268096
1165635953781878786
925831294977822720
1165591056999751681
1165522481978970114
2183179397
1129838776862298114
1165385480160055300
1165348285114200065
1165278671466311681
1165193346605826055
1063174216282005504
1165149901736615936
1071915895
966597869087219712
1165022094100488194
35430880
1164951998892056578
1164909388009746432
1158391984907837440
1046392712
1164221688973864960
814446676723253248
1164323073228775426
1108623476993245184
855475616845615104
966463429098827777
59686920
1164158458993754113
1164172280748003329
1160599474881871872
636843488
2665499360
1157079115620651009
84036360
245045009
825698814254260224
1163704011301838848
1157855329977327618
1162878117800742914
1040172634800041985
248382310
1163551136810508288
1092049362526588930
1163521462638120961
1163501125481455616
1163495466430074880
988553822699229184
27597711
1163158225786740743
1917569029
1163181290675429376
1163169941077594113
1158315682225885186
1161425821858447360
1147536599275790336
1163017635061276673
1162913236750077952
1162826575500533760
1162823989733052417
1132732127861248000
31007362
1162659741765648385
3021372130
1162317696232579078
940610033380941824
1162328875671703552
1161946956014526469
891725665057333249
1033155907843182592
1089237004959825923
1159499025139294209
1162074426399166464
2577886276
1160924988154818560
824387931460792321
32412809
441608774
15084032
112648904
1142409725868478464
3021154503
1160753333067571206
1048010449567010818
1151873976345534464
1160500349981081600
1159883064329347072
257646412
1104069558200123392
2268701309
4836149157
2326591779
855390821901901828
2269308555
4305640541
1157611231861256192
179309186
1157020452679761922
1156800938788761601
1125166979181088771
523051551
1156294662757462018
1155268872469020673
1155237410323795970
568955321
1153619232019664896
822798618507771904
2556921246
1150501461329108994
1152949317902188547
1152885742890291205
1139856381094313985
1143217203627667456
953128091924054016
1146321653435195392
1135972154275782656
871805472965263360
1149031955490574344
1080930067205840896
763285057884786688
1139230201953603584
1148632156845105152
475261863
1147180940759904256
1147065861368426498
223858558
278167158
234895333
2500144829
1041720123181199360
1144092250739109889
1144198746215002113
1052890697773256704
1143423512348172288
1143174711930773516
1143176886333390855
1142868417940267009
1141418439623565312
1139451201601323008
1137586858936950784
1479690884
56380020
743474666602401792
1139885838047862785
1131451863117848578
1139217550657671168
2357241259
1138795963336843264
64441038
778940445770575873
1137917470826782722
1137710892328656896
528407930
1135333215240171521
93426368
1136747206499868678
1451166709
1136937220106067968
1136422602438848512
1135016291721515009
1136641066990542849
1136632853637292033
290748669
1051513087898075138
1133852052185145350
1136002255394680832
1105942220669157376
3310956065
787738925725020160
39737006
1134447164250181633
1134489452502495233
1135639208545202176
972704804
1135606065977012227
1135601378657746944
485597487
19062442
1135465263267233792
920723140203991040
2618285823
1131908448462004224
1135172876305408000
1135129835012014081
810448747163308032
1103323239244279815
1133103979704016897
1134311440087638016
1064113310835109889
1561567855
457236161
376726353
1132215047571353601
1134006493248991233
1133901659548114944
1133796069438099456
1133467082916618240
1010040728981000197
1122007934685335552
31388850
1117130502773903360
908569268
1128285206371237888
1076312792343498752
1112303888730861568
1133156542944043019
462751333
620029145
1007938011659718656
1133057310295756800
291277159
456481247
1914393800
1131918394834509824
3524994195
1132572382365925382
1033131185772392450
28180359
1132325420194516992
1132298061613588481
2599170337
1096864376655675394
1130930727598678016
2171216833
1131828209945927680
174781068
464645247
1035851771665698816
1131867808726441984
1121827598378708992
1131618389187813376
1131549787462017024
88200293
224614927
1119936133885059072
1130670023658356738
388856034
837397994114793472
1724032657
1129112765912834049
1561480680
1057935215161733120
1074782644603420673
25493722
1677991752
1129804198567190535
219197115
2866166625
1130302001408020480
1018495923045978113
874142942964920320
845565068343492609
3004013866
1072597026418946048
1115614784920014848
102426118
1079437938897891328
393375450
1126940983281762306
1129166091752751104
354582774
4831058236
1159724149
1128936977066266626
883619430483333120
150078193
758051020601757696
1128739786963992579
1198569144
1069665841476702208
1122247138921078789
873880591
291163195
908247519926390784
1128313953921196034
1123703675795456002
1128204279259463680
1113000086651449345
2958761362
861325528808247300
1032474396307415040
1127872558764888065
1072729451480444929
1085110151248523267
214376701
68293948
876850900228337664
1127478952132476930
1110158463991271424
1127510751361548289
2855356250
1008399719255732234
823007498063986688
919650017115287552
1127164493941886976
1125925401094709248
1125644995371905025
1105894556661362689
1108345508916092930
576223899
61562843
1089814106473971713
988483089767727107
1126988488023449600
1126935530250354688
549327479
1126709889953193984
1175533243
1126529442174652417
1126508227007356928
48131674
1126374849771974656
1123222259546697729
756496574965047296
1126405459072684032
1126393222782160897
1089855140407005185
1112345704813473798
1121384960164757505
1120775845302415360
1120977689727389696
882233205776154624
1093585218915700737
1126061692352442368
1125750853451882496
1092732313211994114
19301915
1179639708
3026893056
546671905
2151090538
2334618802
1124670121665093632
1125676323253493760
1122494417355661312
1102277821366525956
367158408
1125412365573529605
1090214195096887297
24882423
86769661
763112795542085632
1089473293990748160
1125250900925329413
831344358
2973844101
81662116
1123314107107692544
1099791793326039040
359394023
1125003243602550784
969264977877045249
1124966164705234944
1102927193796239360
9278512
882484678812422144
17306572
1022115677451313154
740979560112652288
37472278
396567622
235311961
1916240923
1124314834630336517
1114050486892498945
2705980333
1083788262047694855
1124251221919961088
1121037244905730048
1123278644821069826
1124026650734342145
1528114063
176553760
963952136
1075804533694058496
22471071
1123687473593442304
547471859
1118635564708843520
1123651303018762241
796072774754246656
1123603080656846848
837387303580487680
541235370
1085218079636897793
1123207575200239622
445329548
1123304632611160066
28585391
1075822906201030656
280209422
3101281912
4353028877
347279065
284191173
1122778736498180096
572623914
103951353
1122570954754936832
1122554622944661504
1122407610517528576
1120038111738777600
1260576841
1116848630441435136
40099750
1109026390278578176
37395949
1122241930367328256
1121514895013568512
1122128326645174278
2797521010
885161887
1122045486968516608
1121815069724217345
3305985304
1119348186001362945
1110993295562412033
769167284
790879650482364416
3186629674
791096856
1043861096099192838
1068252586682261505
1109448509613359116
1120978781190148099
1112203030374612992
1120733298320396290
908669832
1120337984631517184
2710346219
1120692029820952580
4071028239
960795822840524800
1117476580765224960
1064236444267499522
1120380996929691650
1029415540694179841
1120324819155865600
1119816415052226560
1120049799598878721
962172067
218545497
701493864
2320663809
1119926786555555840
1085569341679128576
354449341
934568539
1107957293654700032
2499874888
1112297709405421569
1002285233557917697
1119006235779530752
1119562014425272321
1119408275915722752
1119392553843998720
807667488
1119207700385214469
1086361299028795392
1692087360
3176838112
1107178905763405825
1118908050969116674
927637789889449984
1117142907025338368
1118500588487102464
974959891805802497
3143602649
14287958
2356350777
706997696
52702872
1115545332237180928
66093485
1118121570432704513
1099823919031336960
1117873761657737216
1091329232096190469
2319189697
1058534000854294529
1117540894058659840
1112450149039722498
1116360365699366912
730012799565443072
152213286
1015731654873243649
1117007127950839808
340512225
365135068
546364353
1116805080240525312
1085505482389901312
1097431715008569345
1116228658077806593
1116459548527796224
927857079146242048
1116318872947372035
3416412838
1116308466820362240
1052598574175977472
2236366143
4301029281
67328151
21853028
189483097
814194008201240576
1115882608645296129
1115797636982898691
4424864662
1115717314177945600
1115719158405009409
1113901330479894540
1114628888834056192
64054094
1555464048
1114681680688766976
1114225540410613760
1042762284538515457
1058689994586550273
1104119734835073030
1113901311131570179
1113551890825056263
1113539527874949123
1046466902745403393
1111154563019501568
1112898619198377984
1108753842936647680
3385628419
1111989445941702657
1111827998544678912
1109451268446130178
96230080
1090582695745327104
112190862
1105766162682523648
1095978945374244865
803353444136292352
986930424474632192
2944008034
1110514348185784323
1105462016431538178
966678495098175488
1110126419353522176
1109737433296457728
817362600602308609
1109509414921347078
806642048
402293591
33474859
2196338746
277053670
427963496
1102949554981429249
1107760849056382977
721341119985004544
1041668608466677760
14358140
347336761
1029401288478531584
1108796669729099776
955107412226211840
813074732199321600
740348173
2780001073
3305623517
1108490086465839104
1108445109434109958
967499975109292033
1108322921162903553
1107479694482513920
1095647392458784768
773265561123971072
1225768896
449396442
344585200
1086140934667075585
1489312196
20516273
975074665734590464
1107709119094575106
1676165065
1107947204025765888
1043244942
1107615036476928001
1030091456617345024
2442536181
778530830
1107829545263136769
1085524179569598471
1107386794746761217
16659155
1107715557812510720
1107623399323512833
1101109285617053696
846494407989825536
1106880201387057152
1107605885877190656
2398004443
1107566409054334981
1107382462643167232
1104777746708869120
915789746072408064
1106902317373288453
1106192994414325762
4494214397
179072715
3172358831
33502793
1106527083319177216
90754037
1092605992343343104
1106977333997645831
1107000968355418114
362444109
622157305
526942078
1106911437774049281
1106499540662870016
18832030
557606130
193881000
931509087434616833
21916755
1075147929101496320
1106803988157157376
968161099421011973
1106712329247514625
1105941202405376002
1106702848983818241
984428185319288832
260860922
2885409085
971419639
986599884341080066
805705716367507456
895368774970486786
1011994412
1054727922232238080
893453795124023297
1106541448051064838
272111559
205800977
1106288021828222977
708039943294230528
1430775114
1098211877899960320
17335237
1073894752796368896
1098161324197138433
920721958613999622
1087855419031199744
1665724260
781103890603401216
18750941
1105879015804555264
1105571699989377024
1102520353237229570
1105834016459157505
1102670331997839361
1105785106046816256
851311176
711874354167025664
1086194919885160448
1061668178357563392
1105754418815946752
750544371427213312
1105574772052758533
409146009
1528664611
1105459307498360832
1105499088244621313
24155279
361425767
1105389652075315200
1103254813985435650
1099751111953666048
897711858446200833
1105214281023393794
1105205655047151622
1083686338921152513
2753374678
298941361
859801210987184128
1105016081469591552
1725490818
1103421371542130689
192326972
347143436
2883847357
4091763627
25129391
832531032268222464
856242873456619520
335445738
967162194629570560
1102701021216804864
1104360249023180801
958433817072734210
1093442946140127233
1104321775805059073
1104267303363973120
1104206364736290817
893768622
1493405959
1103957421297418241
1103906352940740609
1102862541573767168
1101370779034365952
720222710
1103763198665261057
1103411132063236096
986269830838972419
1103639989680783362
1095986472832942080
297262028
1048798032874131457
802210415040139264
1643091762
1102311401794744320
2678395215
857199272860798976
1100026429138444294
1101138394820870144
1103256057831407616
1103233672680013824
2531116876
1103185636331347969
1103084183524659200
1087295668501299200
14218692
1102714381647908865
1052965092655058944
484010420
1102663332585189376
467709497
1002448552499478529
3825600393
1102547225903796231
1090568362416066560
3953685856
713144881
2212279349
2229173284
919559618933743617
1102175920457244672
1101779447789830144
1101496145627545600
1102009695265611776
1030557263331819520
937362919922327552
1094724083789398016
969835443104739329
3307433186
1099763897274376192
1101292808298745861
1097515785348628486
1051703035125223424
1002258337277366272
1087361163724238848
941937754245562369
1100794725190254594
1461565976
111280749
1091686140120391681
1070977405223952384
2415308141
3024004948
147030773
85123273
822748967607865345
231419683
463648169
838033909
1100319288123113473
957299084
936779829944504320
2156821247
1094368194133929984
1099729130826940416
2606444596
1100033910749179904
1099530959022477312
1098881474076573697
2423974106
1099945083808477184
1099915070023315457
1099680071156199425
1099608457697730560
1119421249
1099296500897775618
1099263802552565760
1328569664
1098644741489680384
1099208000009572352
1099103558425821186
1098594212352802822
1098873300799942657
1030889469182976000
1063681350031605762
954834377506254849
1093261877331853313
833364126
1098615686434295809
353029255
36665690
1098561095210598400
927145894633492480
2586279998
1098237773599948800
1097851453270618112
1098257096523567104
1093646944390598657
1069673508463042565
375244616
61409778
14932439
174897985
1047182660051914752
84301091
1095179606225764352
1097421229890383873
1074688948881031168
1097401093556973569
125122949
1073213771664031744
1074411851621040128
1097131265986387968
1095964431178235904
1097043069537538049
3108598552
2710587670
1096752190172082176
1096751984756121602
482146132
1096727409896894464
939940849600868352
2824465369
1094171756011630592
30827412
1093268163989569537
4845595961
1094354030606856192
1086269966981058560
1096108682453106694
357728782
77991657
1003899906757677057
894219491437096962
69071299
240837757
1094551982189232128
1083060019736776704
1035631271412736001
442198175
1095614255523602432
474923186
607214019
876171706964078592
572939624
1095424166600282113
1715713543
59746921
2262853511
1095037873206775808
872624422145867777
568980194
1094654531475042305
1094355606104870912
967566506849652736
724526790
28546598
2921185275
856542957192826881
1093798160517005312
1087026511910178816
798846116
1094917384253652992
1094892666318438401
394616504
115653482
1094526595539369985
3291015552
1121751019
1294560012
397986449
1092795370445377536
38843100
3064245743
1093487067416285184
2716539860
1093912132729692160
243303484
1090233994925563904
1093823038213246976
1092717913918840832
747648073
1093616787512586241
61224169
920834553161310208
1093491146448429056
467293094
1085637195136974853
529778091
130215561
1081721480814174208
1091881423731077121
1064502443910795264
753307191763959808
1093176850627641345
925426686459547648
1575513206
1092876133668917248
993148536983257088
503102281
1092882248133722118
1081599391587360769
394129541
145598627
1092793352767049730
167116852
746798214339268609
923296571772547072
431772755
1077609945938513920
1072086746127626241
110416401
17703438
1092309139966054400
171219938
861433876513554433
823925778828161026
1092100476458463234
66107852
720981398153256960
806786022176526336
2588207606
1091688327781236737
1091667136450383872
1047341254823108608
237015904
1005905929068564480
552944503
2699137093
3104542378
1089953758958768129
1091259669304303617
1078962705292251136
1013723055816957952
1091131186393563136
1091096752197902336
354926066
826548326355066880
1091003218677645312
1090990306202476546
1090971463493001217
1090916028715016192
195053165
475108664
502739661
464862894
1066744443628326919
2562405506
1085656215290560512
781055332655198208
1090697821832003584
1129039813
996306232439922688
84548590
40104646
1086567111525363712
1090342873734832134
1090250143499276288
1089567709006872583
343698339
28412288
1089959094562246657
1089877691682164739
830356767901155328
1082407391960928256
388106064
45093767
385050929
1089612440336322560
877714567
954093453209718785
4916814394
1089103612326932481
94074335
957610148549160960
21181539
3524285183
814622448
1089159554179444737
1082763851236630529
2694181975
1062002811905495040
897558828
1088778315228463104
2230430255
1189483093
1088166464899698688
849221797
1086406893227126785
1088742153822588928
1031902234559184896
955456516659859457
1042200908908642307
988412755936972801
1088523660477063169
1079932379244974080
1088135421547159552
2952084729
1961925738
1088459271715471360
4795130358
927262874845708288
1080154414369964032
770992260745953280
1935722520
955096766382268418
31155821
1637786347
1045704732944347137
1086549578030215168
1085867370646773760
823862887382917120
1063061162709921792
742792774618058752
1452345974
1087898474987864065
1087793367067643909
1087762308271693824
846459281767567361
2425236420
980416877263548418
1087722125190971393
2536595092
1087687055675658242
951218379129589760
1023120788533260288
1087284800153624576
1064873498949181440
2193468964
1087034110332334085
1087486729379069954
1086634320217952256
942046560
31084707
1085640218659770368
240377657
1668818786
49425501
393263994
3048896712
28808549
965943830
2826065163
1087126187305025537
1087058006561435650
1521002096
1067035827774128131
1074521137177128962
1086974457661587478
1077951236257824772
1085908226942607360
2652177984
907291433136246785
1086752529369706497
4834368315
1086513162440953856
186404031
109518865
938640623925649408
1076085812369018880
1018951071711088641
1085897958246223873
1080898813181743105
33980385
1086249130488446979
3741965722
344543363
188855653
545344097
191118759
1086201141707374592
1085451147006173184
2845222411
4290396208
997215390164975618
1086071910901968896
2271307943
243828322
134596909
414022853
338466337
1050055068077166592
19061712
779709360582889472
1085967402733654016
62731213
509046751
828780145
185983448
251769222
1085279749398822918
1009715389335588866
1051618751479771137
215679916
1085625532174295040
703572181238870016
925444744255287296
1085562317662834688
3429450531
480328319
268465503
1085414390927642624
42106871
761148190901039104
1085260161403498496
2446586688
901048718438346752
961496979426742272
246423794
988318398475128832
2867104281
1084744805798895618
2417474743
1083409847230611456
1084058538928947200
1021149774538473472
1084587679210180610
143197129
1076584345689907203
761858610
3264830920
125271092
3017374346
1354743728
868797540883451904
2877988811
1377102019
1083989293696077824
1063551846843854848
1006963434615918592
33677145
47614675
130537734
93221400
2330388634
922273581530218496
3314990205
548801258
1060992539824656386
306441697
264322504
1083078311612465153
1080525035071332352
266817681
2887053484
1059886768630231042
708631156468490240
280180307
755684702
1691705582
1206154236
1079890150048612352
1024392901470695424
1047827421351825409
1082403672062132224
1077904274716282880
1082630335433752576
1082606711599452160
981089652261171200
1082577423416344578
821107675
75405361
346035066
1070613402312196096
383984953
917115437330108417
1082007152410193920
227430483
258092979
612061631
748656127
1081849685034389504
1081560316465594368
1081149591297449984
1078814130360991749
919961048
986949823994716161
21183724
806507014864175108
841297241306484736
2917851663
282684103
1080208234651312130
816289956507295744
4812511828
3095555487
34604621
835562802752409600
1079884664712642560
1080611221768933376
1080591043182186496
713210378
1080568559951065091
871569136664674304
712927582480633856
1080505855051730944
1080473781209100288
1080183855347306503
1080478647507668992
1080447937308700672
2826409417
1680683574
849368671
1078065059274911752
1080319488086683648
1080264950797553665
1080210039682547712
405036264
1080205840299315208
383757570
1077477005585715201
1080052349798883328
15197303
836193752888803328
611104895
1003349760974249984
2828091273
1078968545063694336
1074619779569410048
1079164662296559618
1079847042959245313
1075126479145570305
4150074502
66992953
956293732680306688
1079024221903380481
1078722558793535489
49078691
2742091197
1079106924279418880
1079084091457396736
992118645768835074
621293846
1073088920915771392
1071381961548156929
20515269
1078361890013757442
859720552323403776
732224578131533824
1078257305265807360
1078213014011166720
1336055702
949340646564880385
1078045075328909312
1077942345134473216
1077942548897980416
1077835019576582144
1037882247188238336
1014300853883297792
1077597337508331531
1076888602154536960
31874862
939520394536587266
1074921050046193664
38150147
31365845
733600763436470272
1075323119865421825
49775456
2745278552
842103836726722562
1076252252845817856
1075662546798067713
104182161
14350767
977546196062494721
3053997311
1075654671837093888
1128349742
975963064335028225
264033518
393454679
1075349590851883009
27620990
1066830596574494720
1075172560260739072
1075161588045414400
481401647
3161381878
1075060093648015360
2989169968
1075028092488429568
811787711308820480
1074648673429188609
1074799613486477313
1074798032196124673
1074771721264267264
1072791248841400320
3055744525
1039934183508992001
826582746634002433
3428138855
1074212452836040704
828019531243200512
1059550704640184322
889880078666133504
712197038746816515
1072909745131008002
1062775379805593600
3029842806
1056506403504996353
995998630103445504
1073150909637689344
1067925003570696192
1648137318
46210003
1072550388384059393
1514618690
1072911766722699264
830067696838569984
68757451
1072606520263827456
3290348265
138458222
1072486706895564801
1072390497669447680
1072386278941958145
209552445
294836725
1071004524792434688
1072244934483369984
1068944421662670850
1048988640251203584
1072068701799759872
1071478028826365952
1071230159964028929
1038575072787816454
975280565745344512
52506772
1071640965180321792
728315923
781552959402409984
2660731851
455851541
1066626315577671680
2347316701
3397282972
1071135964339298305
336638954
1055457363883409408
706215927021490176
1070815303779713029
1069653805569064960
472764815
930834437725671424
981500950581039111
2275626058
1070630511381569537
1067469772839890944
1069838192675827713
1070226492238499840
924199367657050112
58397822
1068842698315055107
2744556667
240800975
1046397224341639169
508013020
1069287463431081986
1059919235571478535
1069265151298347011
1049830030560423936
357907523
118814811
374732044
15747938
736189055419961346
100123385
1064946240612429825
2846215585
1068236905362481152
118128148
1067987722126540800
1064770866444214273
1067914807398019072
1063457972272185344
72346274
1022538009714061313
1067697234874179584
970746385623666688
789055006393659392
2466392486
1067387492490448897
1064067718587056129
929672182510313473
1064916302010159104
949471638
1061291125456166912
1065515949602816000
914503805311623168
485063745
980391884953673728
1066665072766976000
1066780200694935553
1390359062
1002544359651373057
2435611364
220096918
917086233683259393
18679186
1053006574942343168
1091801215
871678314259382273
1028306771239215105
2229888929
1065676200083972101
901092744235536384
716780334084448257
217856290
476134083
1009432466275397634
1045614830529531905
979213423
1056896676349255680
714753551
998677308348170241
1063972498721697795
1349975755
1013213515782422528
1065253506569904128
977847181
1065235245681860610
796712285305798656
1065161810742005760
222073463
330372043
1056524181230272513
976143798807007232
18610234
898297742
1064920401078337536
1064919822847406080
27134161
2949783945
19178884
1063816434546036736
18530203
3238832145
1060924155988770817
1064231754750484483
830741418
1362167413
714106074
1063517671537500161
1019843917704024064
795383586727886853
1063867975143473152
3382833963
2937434351
3179174769
1063803970735534080
1060437354010296320
1052675430359040000
436293453
1063210326873772035
956495364697284608
959541821562081281
1585469940
894284359821398020
16930782
1010621981199388672
733337764234694656
1063082573730066432
1063042720296587266
1057674759201271809
870431196257304576
1057372384150372352
960515700451368961
1062569683570831360
859145160
83706116
1062370893316481026
1058248234810793984
1061243151766249474
3650798355
1062089889049665537
4483020561
1054540044
1051127361259929600
61773044
1049770399800676352
787707333849776128
155881778
1049639342942109696
1061974028662067201
1062016391350501377
3979362315
1060647258528583682
1061978465728110592
726964130
1560649926
826199426301624320
4142895087
1051979633200119808
219602088
726349319104790528
94364500
1061640647982153728
1058040965456265217
1059830815008440320
3974294662
23925186
74794958
1061383593090576384
1368503780
4306832535
1061319481711042561
387309747
1058871455709044736
1060502970482221056
203051712
3098948993
967709731761655808
1060865309081513984
434030876
160524002
14274203
1035248738938368000
1060885870549577728
949424481621233664
3910087793
887290064522407936
58135366
1060760875789836288
851395266074857474
961350729532411905
1058864595551617024
1856929580
992291587878141952
744966967
1059923238338420737
1057733333571002368
1000721283515125760
66639921
1060322920281587713
1044645022862331909
1289540178
42855425
1060228232832782337
1053394169811660800
1060207383291588611
1060191099107581952
1060184036008775680
398069954
741190428838535168
1060161923394797568
4864824340
1025768050535161857
720636298
48276250
4502376021
1114232707
2908036253
1056787745320910849
1053745593951117317
1059147585951277057
702615044
158877952
244565916
1667714161
1539680690
1039237706944049154
1059567697988673536
16032272
168758476
342838653
1059446846278586373
850411978246021121
28885223
743028454417895424
32357319
2334131622
479853089
1349519514
1057707642985025537
326307259
1030152459015151616
1058062288358383616
1059147751936667648
93705927
1059137791404191745
32877604
233244895
1057680961587027968
95978199
341932463
786518875
1057705054763925504
1058843710383894529
200878369
1057317348527562752
1043650990413688837
94544047
37105622
1490319565
994572025
350494623
180050864
1058693415578279936
3602796988
470073947
957831662
925144202
30855658
105901091
1058368122162438145
207201583
818917778384191488
129939483
569172553
83797148
306990577
851765946
949933220325482497
1058302175489732608
17867455
1014850088890486784
321887918
1036353366690017280
1058373216404684801
969868547848572931
2817912079
49910242
58286115
354762859
1057620697621712896
3021311477
1052202472695980034
2434140205
2290545147
747877765710512129
252511908
1055051722803109888
38392006
483724906
27219100
616100261
2506750962
19650826
330200380
300685495
970017343299563522
716574023786868736
1001808802402979841
295361148
394550190
1057962382885031936
71766944
209332859
1855203823
941334106692038656
1057675406550204416
737913906442719233
1033471187769278471
4609618035
1057363581652623360
279528967
1056257212765614080
1057233374874664967
2754513151
1057183211514724352
1051181380732968960
432803627
87380847
1011602477278523395
35545238
1057087645665370112
27123234
1053744397169373186
46879239
381580921
347833422
1056940698300223490
1054013982871306241
1056716263521689600
1055771950860156929
1056821581907927042
213380564
1055111926848589825
1053367782891511808
754466886
987334723
1050549486173466624
869655669112279041
21805864
2536458490
592894632
1055075523712307200
1053515353903394816
41989543
155975466
1041300056857489409
1055451155889901568
72330076
4845977811
1030897488968994816
1020489726531440640
16432048
925349264695361536
1055211547000274944
34571000
81148890
1053317023982411781
1055908611145261056
1303817744
1055803818150105089
1055902986243846150
1055904945030000643
2506283896
136218318
49385850
1054958438357311489
1055616577180188674
409084047
1054599232055840769
820993478620573696
869268669167280130
1009196338851057666
4114844583
934044571654377472
917974298345771008
1052934803216101378
874159993
1052825358750253058
155621007
999333545339371520
717255066
729964258008666112
257635819
1360100792
1054958163169034241
1034103711054712833
1030173384364228609
1004766241180061701
898504849666584576
2156965750
1527758245
903016258295271438
1054298517798350848
4245387777
923191245954080770
888776369857064960
4777572676
1054342785694920704
2761192066
1049603457647300608
281582201
1054025599323422722
341112227
1595669635
1052556340466515971
2757110403
951166886
48071234
1010963366364540929
277113392
28832149
1053688526087315457
1053590927875473409
1021515659052810242
1053618057308987392
1052927700816539648
148492153
1053563220366110720
1053560217835921409
1034419091216498688
2162710837
38727223
1053247016464252929
1044688881013141504
1046849684994707456
839547782
1129236186
1052948975840620545
340201889
782023013243977728
29157910
252527513
1032994401264574465
1052512932175712256
2741152709
1052508979023175680
1040324547973591040
3999629533
166305397
21737356
61528214
1052166448691470337
1052164803664461824
1052165045046652928
3091193194
1051277445372887040
1003641450175877120
1051918948613144577
1010516679665836032
791595791731261440
63685435
58053761
4758150675
1051215484086030337
2773039304
51493228
49011314
1107438114
2227609965
1051531637698293765
1168681982
1016326604987957248
30234323
56676419
1051397547846184961
738296011
374003884
1007575445699682305
1626858728
1051167550531358720
2952758232
1051014264532680704
1050888198895935488
65624628
1025487498762493954
1050752713649205250
2940719748
1020241213713248258
1050482459668819968
1040645218884902919
923829798513889280
3289257525
1050438920742289409
1048523739254722560
1050052796601565184
344554651
998533580375674882
2744664236
1050220766992748544
188268799
1047784770145587202
483251833
731248135180275713
874227272802238466
1260619458
1049946076403380225
3207380837
874305909555699713
2376200777
781411129092366337
811932546833543168
1049761687681859584
974940929260965888
799227733792460800
284404526
906601144448901121
2680213627
343573222
1049367535198646272
3010527461
1049298392235610113
754299670545981440
3138777862
259799227
23436442
131611800
2148525303
240820133
1027617863279026176
1033148533954764800
3889768415
839171227
36657837
38642788
1048243078014947330
181260289
1048151408443310080
1043451918398484480
740888375373275136
71310794
1598119512
201813686
1047900245517127682
440099962
1047879864160800769
519847567
873965038314323968
41338735
217829032
1043570612814393346
957231439
3237161493
1047797514932502528
828952990954450945
1496305862
28079416
553979283
2465353155
527756301
1047459235066511361
264954684
883737404519186433
972182338053472259
18186419
34903415
27487696
2582449345
1047263908346695680
95479001
1609105579
1047092685046255617
151081965
2603130522
575482277
1037659274607046656
1040692860
1236399974
1389623558
776326771285295105
1046735509274406912
1032567001032613888
900262266662260737
905329755997667329
615499987
766496324
1045745553148182529
1046461696276140033
62478052
771698001261756416
1045986953018179585
42952731
595363596
1018151354467061761
1046004350236200960
923673583146201089
1025075737563484161
295914230
1326286308
23080739
3001155264
940686703253127170
84868803
1045580954650255371
1028178732
503245246
3024644223
2745412481
1020209824209031168
2645220702
611052629
123722945
37921321
1045626124833820672
146725166
30234944
1045452887931916289
1042927640808759296
987326592832757760
49029569
1045267345919422464
508817739
1030620955
1022850996299620354
2861695858
1044983588004007941
1044969046117163014
40713017
1044907415878209537
786252660089425920
1044694840531996679
766217141360230400
315852296
1044563101104963584
920181571222585344
815223035716194304
519661452
1044340299974217731
1044335624097026054
1028959219121356800
961308320358428672
879783524
874579564403580928
1044251035039137792
2656778349
1044130392318636032
229295562
1043938877759795200
1004109340813529088
983389512
412454578
897618258
1040149594238341120
1043491671965618176
1043089757008523264
23434430
829401565379297281
796277248135413761
93818786
1040471108040966144
891752866410622976
2830157549
137979338
63104215
1042838759258169344
1042835344645869569
83809214
1042018044661440514
844635349112541189
907567265868120064
1009030352587907072
1042108173933576192
2458096910
70058137
913555364108541953
1533539173
959367139294498816
277425809
577855398
4424140333
211325945
2410522577
908054151652933633
738982255499051008
976922158197891074
915505474224705537
232930735
927093151898243072
1041381465655795712
1435433342
1041441938912600064
2642505577
1041281772640600064
113623239
1041236794631569409
338544234
808483681
1154677758
912941828932014080
192208586
1028151119007166464
3387336130
475069106
285323567
393497577
3438855297
221794148
464577718
1036627290929737728
1009233205365477376
28561647
1025826091
245271324
1040229953441353728
2425688438
747862543918563328
281707965
339226638
1039813774922932226
1031664042807631874
1034437939147821056
1031538209854029824
969276036214083591
151377115
198184204
516581562
164031507
1039210391669235712
313403883
1011322454705344512
1039099003940552704
185126341
3620412142
1038318201782890498
1038456119994331136
1038432339649540102
1036932304353079296
30109626
467858960
1017803992959717380
704458170199052288
771685790258720768
1037776461703393280
1037719989476892674
1037701173732691969
912849689443172353
1037692165173006337
1037665665983963137
1037443639914455040
846847048125165568
2494038180
893380998746034176
776153295626784768
248772914
1036990698921308160
869145499902902272
1036922883833049093
1036900717741649920
226647880
78926137
29700872
359429559
1020666802681139200
2864829984
60126741
263430666
263727579
741747198107357184
1035974504202346497
996645428883009536
755124683880722433
1036267969536581633
1036227285609836544
999214679120580608
59447358
828559686764941313
500337782
1009573466327142400
706583194854924288
553663442
1035648154157416448
564190020
3122084780
1031662642396577792
64992986
1035167611968004096
14405558
45548997
1001996706488111105
1034966531761954817
1034566006574919685
30874472
1034900936106409984
1032991045619998721
731735703881580544
873564523751460864
357376695
1034782953228918785
1034775955947102209
933311857720463362
47056430
1034426628745703426
1034504223445139456
2877216123
512184963
3445004655
1034117679962116097
980045516611506176
29715510
1866376962
1022074937727754243
256442795
1033661078788628481
936616260460273666
1033419936436314112
575723638
249076776
49672201
897347178254839808
154348149
886895505527238656
1032019006851612674
948310365938618371
1031256824358400000
1014835401784258560
1032910564492824576
1031222962941243395
1006492407297396736
342083689
39240294
1032624663690731521
454799703
41805859
502913465
1030225571329073152
1032544224024166401
1032161172739567616
372256469
2905130434
1032465568970956800
2853359308
1241665838
4891546539
906594201659428864
4883007081
348752934
332391225
1032293904996081664
1032283572592361472
56334116
2941833077
997608780
493310964
831156816994238465
980353706595094528
541757488
1031884004230877184
44089129
1031886614610567168
2507477406
1952223584
1031584641222889476
1510205850
3041105285
3211640097
33003951
621825227
835696147373096960
971851238970097664
1031200545103593472
994911662787497984
2954558632
775074240831815682
831553015484121088
746347277967593474
1030740805600858117
32847779
2831766224
2835912447
1030543313806536706
789948979
17987852
747853580
14330265
121486837
950661807676579840
106992021
796348825636143104
1030200237602877440
1030123185147207680
468299477
3250881922
6523962
3130954499
1109883169
2953299622
2483514799
1011785190576918528
1029850596868808707
367302518
1029762494573826048
826312449859133442
99811149
173415634
39209161
1026436765526253569
184790060
287317956
349703996
2382436965
832769785393926147
2480091853
1025651623547219969
1492847700
30441854
359851313
1027547621131472896
899294151514230784
1025304035304333319
1027179367150112768
1028720340065820672
1022803171775840256
1029125530560475137
969896755348328448
1029049064543928329
740057864
2720159433
1028966854113546246
1028958827478216706
1028959208820166656
489577879
423325042
1028753185228431366
707856125098590208
1028653641044041728
1028473087522742272
2880394810
1010128540015255552
1010556528313688064
3303649834
2715394349
907934863747100674
19334026
773969180
92352362
60979517
503260933
58164809
1027302743013318667
71639587
830472951942303744
753343573655973889
18390545
29687777
1027722005590634497
1027555038221279232
376641317
94721506
806464906711171073
983989400148332550
15179388
931569362
1027696852727201793
322211196
75992033
437593008
70632318
180848211
982386266540036096
490467791
20133778
976167930168782848
1264954088
1027228994809278466
1027172490655752193
3404508771
1027107671500115968
1537406546
814454909210804224
1026998684230320128
1021238955688235008
32589868
1026935727244886016
754641056252235776
54169966
1026865196126687232
1026831274642743297
1025667996730249216
332215357
82670042
1026733768609067009
1121631110
1026521004854661122
84387532
906827449144676352
1026560541714771971
1018600222950416385
198935333
1026491440782815232
475789558
1021070995669602305
1112250199
1026382060083183616
1024219218537926659
489852698
1021861819789570048
1026134418090545153
834966552
1025921635600269312
260829436
1025888486040199168
1012832779585966080
1025812484702318594
417315007
30347777
254191357
434781314
35695051
1024724323838377986
766964525002133505
1025068372680171520
1021040284061315077
140118097
44879156
1024938638021406720
724567709837590528
876156696883757056
1024161361323061249
1024420241064054785
1024818774766174209
165012795
1024616529042788352
1143974095
734783080888729601
940150938920259584
935169894856962048
1023119595694157824
3242032325
59617426
3340980753
43050274
1024395182215778304
219043369
1024375034477993985
877175748544614400
1024221787553517568
4801991177
993908630985498624
846507570516951040
1024035223355490305
1023606199651053570
1053250291
1023933378578530304
1023929711322451968
1023927141501681664
935230564000509953
170622115
1023546626156232704
1023681141084221440
1023572823024050176
1023613185692262402
1023641184638574593
1023113215738171392
1023592994488901632
1300566882
1023511931943112704
3433428965
586384518
218788640
1023341126831497217
727800244675747844
25346891
111940360
1015292339529515008
1023146567853858817
1021882156417728517
1022925157344653313
1022980933471940611
141193587
1022932566335254533
164674565
347362048
943829300272300033
1022621889645162496
1022601434687315968
1017105540038742027
1022307703388086272
1022257881318653953
1021876388817711104
1186421060
3002938715
888966026594992129
1022026268861255682
1019860774523691008
1021465011938525184
1021883371675365376
1021843551469166593
1009785494681595904
1015719042152325125
1021328324726067200
990917327519735808
995051745687588864
1021426567359139841
562097825
1018600723628679169
741579009008373760
1021167947417563137
3948885689
1020996262412238848
1020733380059639808
780794758167801856
956476617588699136
1020943846589464577
30859711
867702795419385857
1019880060562624513
1020770859697483777
815437730
1020651810636386304
957211942686470144
240469892
390981216
972470204935688193
961712056922591232
1019930602563407874
4525285119
1019832805939871745
1019360066728873987
1008286654505906176
426509929
397411698
102147812
969156498906583040
789379992681521152
1018972103847096322
1001168028443267073
731972764572192768
724804772
1018726416957964288
1018644946478387201
1018618526075183105
1018562990176653312
1008326021135781888
1018436391796203520
1017462228960899072
2887274374
251310212
1009010865524412416
3105396119
2361823541
1018152631347433472
928632515635695616
52692898
1389263312
1017919198687825922
28666017
1017812403671764992
1017808849292718080
1017805655837724673
1017773866389856262
796495382108864516
1011568813765218304
1017542471788703746
1017508828500365315
1017090428758315014
22807706
513091074
1016657346083414016
1016176968893648902
489897445
1011492308469067776
976448152474669067
354467050
1017021909836423168
1011312559381712896
34258021
933636722629529600
1016829487021993984
1016072691550433282
1016688943180337154
1016661983075225602
1016675038974668800
1016660681666506753
1016552027852328960
1016398331533291520
738051932447723520
278611019
969719247076253697
1016394084129402880
17424766
818852787899473920
1016356711500836864
1016322108006289408
1014867096684154882
1052536838
44856023
1016265030340431872
1007569667114831873
1016121773509758976
3666741315
1015971616478650368
1015946631659900929
1015871272440532993
947425273959600129
3222934308
473199963
163978812
2958918069
1015027431386775552
1015353723634307073
816000641638264832
1015277010279718917
2724261576
1015268895761059841
1015217707891949568
1015185487257047040
388714433
1007982826598338561
980465636404092930
1014972719274905601
171642174
2387000351
1660403688
932603165781962753
827259086563479552
1004350103807594496
1014851708546056192
1861214934
1014540170132115456
721325581
1014650534459002881
1014634117860904966
40873247
968587494
317883620
1014187345384525824
849089950586982408
1013867973185097728
1014273782310232065
148017049
1001897755743346693
1014156073207463937
1014071676177342464
1013931710860447750
1342147915
597222741
1013743217907511296
233942985
986132618193375237
1013490133461557248
2923073535
991384224132460544
940339449875107840
920975952246722560
1013215317001154560
11351872
909701856489820160
1696786740
1004350026074722304
1012809789666201600
993007657400373248
733580556663820289
2985994372
1267639315
968729400
1012408574255955970
987774069381591046
1012354146815676416
1012297975417196549
85634301
989946082418413568
1009049292458389504
1006824603120033792
1011723450409504769
2611654956
1011885620673859584
750701106481733632
1009104243767300097
1011389234916282368
989095022841786368
178008347
1011245493597417472
839025556263952387
1011149741852385280
338109856
1005552094160523264
1010258267161980928
1010911262228787201
1010912871067287553
1007369045270781953
1010824067941851136
1009664599803748352
958679196892614657
1010647045466705920
725785018640023552
314590019
1009923719861501960
2498353574
124504534
929954499439087616
1007653925032513536
1009628473403609090
971466417211142144
1009607617180782592
1006004418381336578
235266613
4534090341
1010194529738215424
1010176736896651268
720163341595983872
1010100860251181056
998847630800248832
936644048391168000
1006632804497723392
995347046621220864
1087204423
4396547134
997105277815095296
912160100646666240
700411978691510272
1009504796473249804
3019654894
1009516335574016005
857198301057347584
216063346
1009035322359984128
847738297023512576
32353861
2767438017
1009084299130400772
867144952689692672
833111853421228033
1360085527
1008969236067307521
1008868888724066306
747340880
1008765241591717888
44896803
1008670534945656836
19236498
999668446479699968
822754124324343808
1008493671875010562
1008425196594909184
278629287
49315180
1008344566674620416
4015729457
1007705080622145541
1008195565522489346
1472235642
1008093805231398912
1008033654554099713
1007998514511654912
834589440
789476463066185728
1007981646572900352
1006457126246592518
1007967805126430720
937449122717732864
1007912846376783874
78678780
1007877317128056832
2427598814
407956439
2988392621
1007735958211612672
1005836151519891457
342016313
139075177
1007569640275443712
3972448154
1007470002080010240
1006576074053087233
48336096
409218877
1006451373456744448
884910397018558467
1007025433643311106
1006958643374428160
1004064087305801729
941851633
1006886587672690688
589362280
982218047820713984
1006709225572184065
1006640132437495808
829289059533086720
887304781336805377
1006243238087417856
1006535394056384512
1006533662727442432
964973338207621125
1006468478142906369
15619522
2976140344
1006270345052147712
2479075552
1101523878
18561093
1413587514
988340004853252102
1289073578
1005799528547717121
485067279
412344524
987615574619549696
921383415064039424
1005550367243948038
2592746210
33025341
1003259453196636160
1005420140245250048
27610874
975113038788550656
1004497185550028801
1001753053077364736
1004614211920715782
47305738
1004894050397409281
1003301428725800965
6382992
138126894
987271787917594630
948002161065017344
1003255472957337600
1004325827792834560
1004169150825103361
187957902
1004081289169965058
998321068065640448
1718204779
56382999
1003893695895269376
2361781426
1003599548827258880
1003583730194239490
1003320811510489088
12648002
30853297
1003163969459228672
1000909856688271360
1002984335119671299
1002839810891972608
352181466
882065805621555200
1002667605029769217
3434518486
814153334
45519320
1000765026603544576
1000779995655090178
838752691861991424
1002367979319783425
880499143810191360
1000109498680467456
1002238983135522816
931952926087700482
60868457
1002074516758069249
1000843833104633859
1001862902897356801
1001815362252439558
1451968934
841019901217296391
22402928
2422397960
1116476803
123180698
719879172
1562948443
792120008591704064
1001347200826388485
961677998356357121
998286539837894656
1001205579031957506
939131980914053120
1001106531142823936
999620403759865856
1001117974470844416
1001104718561726464
797739977652260864
1001068357431517184
1001048640209768448
1000724302923169793
1000917301976293377
990224788743512064
1288427252
1000324180217335808
998605310481793024
1000417213394968576
4202360296
1000554509997891584
1000536092033110017
1000515960174972928
997155960459333633
14094335
1000157218879221760
635494000
985243589419700225
795929759200976896
999887083975065600
998894801113178113
999981533179105281
999973925139439616
972414783445196800
976153015051866112
390687348
111579730
346717345
992372531024756736
26740943
999532599470063616
747366266969587712
999470457219936257
502176824
1578579524
970729060631445504
977958837658574848
786684668372541440
3145065940
757497998
998947173575417861
997565568474464256
45364839
803640598351622144
395277557
329999041
704363145838526464
2168470987
3065848551
998225506985234433
3304616350
987037666603683842
998070731576659968
986432741058252800
997953374489325568
972100867397705729
791468032585404416
920979193034186752
63173854
997460948121276416
15064775
997566449827885058
997531334242394112
996362321780932610
997470948063297538
3024653319
235743135
997236427397193728
989322400415338496
3937180114
997151147205918720
997131028253700097
976423605612539904
996862196133998592
900279266134327296
786457377180557312
994354051541323777
4876107863
378131371
1628668224
2965683033
996369273491779584
991629360359669760
996252872126775296
2837410945
380840701
996100057010196480
995852249602588677
4857110681
4281387509
994296477529919488
991811050105442304
995362869289070592
837754016754982913
994805382764691456
995068764512276480
267410607
994976440138522625
992477663859179521
404905621
994896696860700672
994939955620208641
994917619277934592
260093735
994836939625943040
994695034724405248
994691018653077505
994653074647126016
994517616768225280
994643011131838466
329884396
994596080695246848
894896990013841408
46131631
365327173
994342082771931136
898274708118007809
921728098617479174
993271158576381954
992080439316795392
736147052690821120
1130846624
2209846059
825113256675201024
944280263357550592
2830326008
4119392182
548565211
993068866778685440
753240235094511616
890703390837178369
361603602
559832949
4439612354
463210946
992722252188831744
773254777773887488
993100376760045568
3570662715
3629601616
991310497592070144
1035652423
977970208336904192
977075534
992731308030943232
2371324794
229152272
992668075089637377
1570670569
386509008
784032888656371712
992378094966263808
992375354051440640
2659036873
70983504
1883226104
326109809
992010635612446722
44430288
991847212400472065
717706717551804416
991741219431747585
979750511904739328
18551911
798630765550505984
991636355166949376
991645388322017280
991619117328359426
983931042934468608
990657456090046464
991607173900853249
991582428564160514
829425568483573765
819181990884872197
904433348
572084785
48514346
825028476315062272
991041777565097984
991024599801442305
2148811377
985468453543915520
990929643569139713
972437181104119809
2183503967
989437339817730049
990616933342031874
990567613683167232
838475977562927105
3157720053
989847162564628482
989608168299876356
977552661980512256
71226013
986910261020954624
1674183110
990198916703453184
912740771039768581
990089952754061312
720872948987355136
989553580733620225
988678765684326400
858130341277700096
989114314442379264
962901885698084865
411518956
279698417
988006997097369601
340949024
989525415021760512
984699859436556288
986602773528678401
976478744717266946
961863008199704577
989215296346120192
988865318964682752
128658880
907263188105908226
376077577
874882724837953536
988739210734534656
988720754199007233
849860036360888320
132620799
890175730272923648
35338458
988525072376676352
3424512867
2904270220
986193420921294848
988399184104521728
943141580193529856
987029883569278976
732483294911045632
2715889502
1055854022
2915779703
739238244471181313
482761921
987983281378471936
32482257
2978437943
357414605
118151514
945776192
177917586
14402173
3028699403
974372949548552192
56125230
826729927907094528
3387871023
986334124666388480
986565602322989056
382645387
987132448642355201
987090317517250561
3182029917
987036804829401088
986993513794588672
1527270499
153010836
2599947960
369589345
979757006679691265
591239867
2886757726
956959163195764736
946380101138178048
856176764476952577
986559238733553665
282180192
30825574
400060778
1329040194
986339004093263872
193667841
986289661214707718
937359038257483777
2188901799
969608627286953986
984516433681010688
985966582135509000
32556617
3238964499
985868403616382977
985823656256462848
985782151097520128
954938262606499840
985611539720925184
728743549
985202833757753344
985514123436937216
794778589547950080
912999223
4342142027
985066186575679490
70370869
985141039395721216
984102847624220672
984153348948586496
825502842165276673
984421248825544705
958742964846645249
984932033049772032
753722716394496000
48692818
1570578072
981830430772019200
930999466710138880
984680089458585600
286750097
168980857
984590537075384320
133432379
984427181882261504
817052022306406400
2455789341
249806833
350669616
984138555378331648
901624771
976945148566425601
983756452941778944
847930262684094464
194119395
58200572
3299679083
983660500264333314
983631006828777472
2282175028
932583073702608897
983446016685993986
38439143
983283148174786560
983233375761784832
932733906960420866
1932157609
983190331029164033
982617158311129098
964896563482038277
92059319
983015417898848257
982994102768865282
982749328149278720
982689144680759296
103669529
906259662915477512
2796479010
2721100815
268724196
556672110
94222692
981959003877117952
825631443506307073
981430784266592256
982324909492883458
982328991603404801
138035990
575537423
958248415900549120
4005528171
982215402062102529
982187745903689731
982174459619454978
498862460
981754045432987648
419870873
779620298266177537
975461568627576835
2402013709
981955806118674432
952570441427808256
873971846
2711501774
981849646829010944
973937004554719233
952494385287090177
981560262758039552
387760007
954209376
713504047827927040
981613112473374723
707972793359593472
3985904261
144947665
950338087309078529
981332966365417472
981294434628325376
981260592072810497
981273874007515136
1336723374
28315408
981257494399016965
213218294
489464641
323816619
981161517121986560
980990642166824963
980902764632002567
1658655151
2386671199
980755932538916864
942737957798203393
980591023448625152
980588285914435584
755713103480881152
980551951854264320
935902959237521414
23447434
904169368770228224
979863127184629760
980368956404961280
980182636776783877
979773877252493312
2711470369
980150385347350532
980123020927885313
439007766
51538516
635498044
966195366109634567
932892433204965376
977164170645917697
979760911907946496
979815785811103744
74437946
979641119133831168
979509670929944576
36988550
978943514087129089
2720067664
978928958484951040
978923870559272961
978867611017588736
557655500
4908930256
948264816258486273
978000237993385985
394555079
480631916
978672543690313729
728951025571352576
948942203065421827
542801995
978062462586105857
977267936267206657
978177644800901120
16812392
30993861
4341645923
106696240
846969809690603520
204954184
978016474676809728
37763253
4876298170
976582664747667456
342820172
977090793524682752
977942200301572097
775089931312037888
973238651080597504
3884771807
932865871
925280470174224384
881836133197512704
390091977
909542417359044610
758090167899025408
410849196
299220637
2387680663
977435012349026304
97636995
265417953
950481976829636608
3097396955
67153112
924779114694889472
976731620995629057
977081386963173376
2952084790
977059962181554176
2689372872
464118576
410928083
932950483572060160
228127994
342941724
343575139
976875113453969408
971703542691090434
29738240
976118111685500928
937253471266406400
976746126756982785
974401733949616129
26123794
759828464727887872
972856027245838337
427445950
857088825331519493
4926850269
20993087
966016958733996035
50400692
141333650
222147461
140180643
857895335498264576
877196102
