1255884669071110145
1366718707188305920
1367018704194719746
1122280924866076672
1366934231029600263
1366808182463594499
1366307775136079872
1366785082200055808
622183210
1363004761042223106
123374874
14288773
1330549053130764297
1364926809960235011
1366360405791174661
39287077
709400891128987648
872765025580195840
1366048233596870659
393310742
33659846
1347100344095027202
1365986339582279682
1365974800217300993
1365927580449320962
1365854488746217473
3904261465
1365817824250372097
412409156
1365766970071781377
1123993467552698369
80386460
1046909768814800901
2543576312
339275570
1353176260302745607
2949706558
1285934401898065927
1203313116609683457
1365227014203072512
1295132184060272640
267334089
1365260695152058368
1267768056589234177
1365048800184795140
446388595
1365059046378725381
136980577
1365048968728764422
1364902350520000514
1086542812248719360
56099831
262639863
1684065007
996347483033931778
1325172194796859392
1364934615379697664
1364870887162404864
877669142
3917261477
2468043644
1364697703209447425
379331835
60711442
804058230741762048
11534522
1364568139548229635
1341815052496642049
1364299261702209544
1364496131892379648
1364200762222460929
7878682
1326441198404456449
1364307332361027596
1364305642232680449
1364294918496260096
1347973708728721410
1364230151765188614
216305703
486730451
1407123246
438730839
241872388
1363496255628972035
1382715066
1363982776710672385
1346921254171758596
1297212787438092290
40062143
1363905906434572297
2872077360
1159382600949129216
129000149
1137507794276560896
1157551921974132736
589777494
1279036543433355265
1363799090925043712
1028018745472688128
1341909714951659520
1359836075376705542
1041653598722043905
1362391624173555714
807953332941844480
1195326954859384832
1279749292543086592
17704539
1347945607806246912
236551890
1445893080
6058832
124557522
1362855031888822273
1298754317999112192
1911321420
1363472158836555784
1349067622776778755
1363408289137102850
1358879749507006465
921927042
1290965828586868736
55008151
797903336
34576778
2801529319
1189255520588304384
2178643862
27716082
2171308817
1362786644089331722
234359794
1362830576798101509
1363094795372158979
2532142272
1362384712065572867
1363073947428921349
1238715899714121728
1363024829553729536
1362931790344843264
1362938235509501953
143916677
1362899082801512449
517589381
1328560943828267011
1057601664083992577
1354458900473458690
82467928
1075488963496943617
1361796640013713408
1362519537124532231
1362473096888860672
1362491033976786949
1054709714607583232
1230369840982118400
1362006073784360961
1031558337861693440
1362386684323708934
1362369269065998337
1346751896174927873
1362338809548050432
1357054433784389636
595497574
1351920273470140420
1041676671391133697
1362161102268858377
1362151138120892417
1005751042942922752
745597742240641024
49599489
1362022506404708352
1362001775415488513
934877969629270016
173895805
952232833
57287673
1075019975763611649
328488058
1169003997874794497
1361780718184071168
1361771808442245120
705468069406228480
708817798789595136
1306957674794430469
2789794699
1357616110816923649
34564188
274469794
1361399412401004550
1351574535200514050
1198678815385489408
1357288963652861954
125090093
2465164274
1361005930930987012
1276192660378746881
1361002362425516034
1001073174354780161
1277254744797478913
1360988929487499269
1229109517918646273
1068581017831772163
1118904392126816261
1188497982817210368
1145717888755609600
1360551197619462145
499023110
1360488035603910661
1086072285407203328
1359554372917743617
1068697596737269761
118772902
3153738612
342971374
1360249008233537542
1047409759777947649
1282377316270825472
1348270969140498433
464592134
1202693623902547971
1345307964735975425
375525771
1314484336998191105
1359926200219676673
1351228687367237637
30705215
2879126853
1359834018703884290
3076705175
1359107805257555969
1355872101962403846
946827035812474880
560544869
1359456027796725764
1359481535435538434
3859199426
1680966427
59930040
1359283915740106752
1359257656347811841
1241309772
226086207
892735517581864962
1041771397113151488
1359148090893213696
1359120336806170630
1265191191085297664
527924077
1029113319775457280
1359039398164242434
1353785820008878085
863633306
1358826665032486918
1279933415907905537
1148577311790419969
907649063671222272
64524110
1358712410119540738
118353669
1342922663728209921
987486896237568000
2821752660
1576243597
791776796
1213448463368642560
363297457
1358455713320820736
739001461057683456
1358412112796729344
1150142437676978176
1358377617360113666
4905985317
1351566709442965504
1356205646933274627
2370476712
1357975770560364544
3882427883
1511616164
1354491499782828032
4889095691
3434073549
1250443298751295488
815220976392830976
41658018
938705354
92967476
43133613
716350571482112000
929387688863715328
2528117577
1357684058873094147
985109683
756555822533058560
3308599215
1624022071
1357237045882593283
1357444948296146948
1190362802193649665
1357428597531754503
1356734994085986304
1357384583629729802
1214695072236810241
1357344329950326793
1956145254
366243118
505132358
1282032936968167425
1100782088381493253
1231084069980659714
1350992372730122243
3261883329
1157343754560397313
1357066768016150531
1357058139686907905
1517555383
1206956004950388742
1356051566550257670
1457862662
1352960528130449408
1356858499628687362
1319974086274109440
603631153
1310921923753320448
173895356
1356672546263949313
1356568962067218436
1215149156
1239966756795539457
158654479
101174160
989463378
1356249315254145024
1328724173783396353
1356215750768340993
390678487
1337053689744330758
1356129524518432768
1137542162311196672
1355885281275228164
1355970421250781191
1355953896498327554
523419768
274423714
363617550
928315073847791620
876369421
906234968657063936
950319565501816832
1355618026335449088
842664961180684288
1265498142667128832
1355703805359370245
733595016732413952
1355646681191219205
736751826
406102802
1355491165999665152
1355439279124713475
1319987002608095232
1403769529
909681527914745856
1355279401290764288
128572519
1248346826
1271949127157534721
950389765
1355233300038692865
1336821855328432128
1067374157053214720
1355213829353959425
1352204029426872321
1355171219100856323
31461097
479913239
418142761
1017910182888792065
1333698242756943872
1355078547468115968
1355044757572083712
16526849
307752452
1333993813837230082
749924920025645056
1284990700208164865
1354772527638323202
1354783612101685257
1354779179431170053
2474632289
1353664003894083585
626229135
1353823626869530627
1353780115050737666
1066168548
1346904308269391880
1354699584233205760
1352871315104030724
749624138
3423763019
1280609870237007879
882104763818627072
59843533
492307127
210635783
340601104
3197923426
167049119
1085104797722791936
1353811322253803520
1353800907855695873
37717811
1345509113401405443
1353730196071972865
1352977610893099008
1031232718695223297
1353691054302748676
1353624153312657409
1353659637799780352
1345688650227527680
1353592545587163136
1321756001402499073
945727619504451584
1352924200466579456
1353335409762312193
1353336817706262529
1287629796193841152
1348055494401921025
1353085096870469634
1353034630769893383
1334615633191972866
766066458006810624
1351643690582814721
544258953
1352865898135252992
3126808498
408261765
1352641329445146625
1318989571670028288
28862914
1325205330981056517
1352678987257020418
30861191
1352574477528399872
1312145396437856259
1265525870111993858
1352543786992332807
1352492023878721536
1275527873152126977
1383890976
41543324
1352242287267483649
194740327
1352289294560460800
1352281276930265089
517299590
798223028668731392
1352226194645807106
2248614037
1352193687703478275
211865445
1246855670667915264
3315291220
1352185435234177075
1352186027293765635
1352184135465512961
1352158497354477568
1252258994946793473
1292036105165049863
1351161253608235019
1432469246
1351914355395350538
91119657
1351993725975736322
982583219123118082
1343108783950737408
1351965993883545602
1222462499804667904
64025936
1351962165348020225
1351957584530599937
1351955162802348036
1668336720
1351956232102416393
1351953531603968001
1346450969073217536
1351950658438574081
1182226525770407936
1351945876126707713
84919286
1351936902769881088
1351933197437837314
386554261
1136154094828228608
1351784020485562368
1347699043925897217
19153045
960979469849780225
1314989565007081479
1179648737209180160
927648826390990848
2558775370
68939598
381387621
1312259934
1320371438642147328
28885223
1351283094268096515
1350257044314578944
425662850
1344737121769316359
110660765
1347991090528460800
1351219595814821891
4415277022
264415275
21210390
1351095476314124290
42263786
1246109378589032449
898424585896329216
1350933504058601472
1350921629975662594
1103595972
3409715535
814572939253350400
1348568373567901696
2569516659
1561746187
2698337599
1006905682157662209
1349805462049484800
1348361938829516800
1350448732043681794
1349794616166543371
586862153
1184223622610718720
1712096773
150029989
1350210474923667456
1350202040656551938
1349186272552775683
1635055698
1159755525749465088
2609407933
1379029776
1276989748196802561
1350056879465095177
1332599044250734592
106191286
46079229
1296364088596078593
1880634792
183553683
1349997558203117568
1349658189369905152
1349958416761049089
1346506400252518400
1349895593871732739
1293959115316899840
949725031180963842
1256977556596760577
470111304
32347971
1349806120970448900
59110433
1220412643644772353
1349721735776641029
19761977
1345555997474091013
1349707475478568961
987698092521787392
341127623
212004307
777863508780261376
1349622027641102339
30678170
282764370
1349476995227385861
1349463786013470721
852579604506312705
326343938
781456585
1349176257397850112
2912593894
1349036093908398080
412505067
1348687541407526912
1348299522598957057
1196491325237059584
1319356593159495685
1348888217353904128
142246688
1270851500810670080
223073796
950717820710596610
2371667423
1347909074285961219
1348702474417401860
581175916
1348665117018361858
1348657486736338946
1348392106562383872
2940663771
1348594423467302915
1348586110423805952
22749175
37069899
1346907893422059524
3072713416
114462273
1133808332458926080
2831667177
1348257974188462091
1348241745717448704
1347465895879315457
417174714
2967442469
1347817287294836738
386983295
1263813247112753152
2389309784
82011891
1304430937711824902
39267152
1875914724
1347997966271991808
3079383862
1347991221189419015
1347976083967266819
1081930035555115008
1347970970389258240
1347969566966747136
1347968559041961984
1259836894856314880
1347945576214704132
1346927459552399366
1347922856752119813
57173624
1046440344500482048
851709708
175317547
1347793921028595712
1347787478229516293
1347599389301354497
1347589794877104132
1347567858822369287
1346936090834460673
9103182
1347511316144123910
1001447028075974656
1306889880690216960
3122234734
813304316081672192
132992471
1346241645998727169
1347295592523984898
28141471
1031160186084442113
1119495825258946562
1347276879879929857
1238142307557347332
1347263430407954433
1056065223419924481
1347224794220138498
174332655
1136263218689642497
873622630263345155
1347094098470203397
1343990558348505089
426109208
1333715688976953344
1177902625280466947
1346978790145220613
1335898446142836737
720412538
1346952317921337344
484667106
14557760
1346940231078047744
1346946889883799554
1346939703807897602
1346943052577964035
4600423048
1346938245536489473
1346934757381312520
1346939644055719936
22931488
1346931560394747904
1346931984795373568
1255513283559395334
1346931371571294215
1346915983525556226
1520153232
216678360
1346925924462194690
1346923713409769478
1346919532707913739
1346918270658621441
16347742
1346919745816293376
44568107
1346918234449186818
1346914973872779265
242511885
756221684940730368
1346903949597675529
26800130
1338589623606505475
861976100
614362253
1326826122345127936
14508555
1344976638308708355
1325135147105054720
3027163901
883538028626661380
4458013941
1343535271053242373
1345836520536727553
1346010507241779201
1345974796539064322
14283917
1327309665928175617
296494341
83797948
252097863
2415875454
1345433809802637313
35206091
32997553
1345286392893603848
14438984
1345252889510486018
1343130316198846467
635694761
877505073374515200
1266286057500241921
1344996726906777600
930361692936134656
1344776471890587651
1340578166792888320
1034594671
1344308387929063432
1007297058901020675
1266949133237202945
50678689
1205150649089957888
1343935284967301120
1343919150645829632
878688339737661440
1343863906855505923
227413684
1049675490146099200
1343694146511527936
437676188
1281009784330825733
1258457964668760066
1245721903576252416
965554689226915840
58810515
1343287335765618688
1343302026709630986
1343194683372150785
1302918139232038912
933349298699370499
51137168
1342920951122554880
479555067
3302642843
1342520368423186433
1342474946535165952
3163686962
1342160242101133312
1049476278
1341789186135887872
916711711
1337879458196369413
14670108
1046380288207654912
1326860924486103042
1327313733295763457
14282524
1341146909063454728
1341032179346882564
1078279644204408832
40238479
1213431548013244416
1338613835230535688
1009431859
1238802143131426816
1340539116296015872
1340403027736444929
1336051392117694468
1258062928777023491
1131567815557898240
1213825421017407490
1319727616824324098
701061542
14709695
702797993339195392
1339710269312946177
1339671878592581633
1274485183585169414
819187790206353408
1339605514557161475
1339569639614009344
1339508945271091200
1337349404416745472
1339467937158184960
1339335509919862784
1339315787211939840
1339270217806000130
1338601634348326912
585984363
1178283714167656448
1077186088773525510
1338877437078368256
2157177769
1338818788071006208
1338792226336497666
2781715796
1338626180111605760
1338762610246815751
1308147897146511360
1274698459954786304
1937262102
1338517998219440128
1338512100340215809
1338483079992791041
1338474089464344577
1338453398807597057
1336381747710275590
1338387050521911296
312502716
1333049298922196992
941388744183242753
1338051224592113664
1337894860452454404
2600750158
1337789926725853188
1337789924582494208
1337788996492152832
1337773993777041408
1324277649682931718
1337748857250336768
1337734754486063104
1337718109709463552
1337704182476845057
1337489007568162822
1337577540895076352
1325963476230045696
1294248670993547264
1337495544994951169
323439176
2439673883
1317780789963182080
1337339716836995075
1337319010128588801
1370219293
1337107671288307712
1337081826335223809
2301046823
277998665
1337008670908018689
161468223
1336802061720162304
1336646033313566720
1336620741614301187
1313775971296849921
1241474754680422402
1496869736
1324783813369712640
1336308191769071618
2177543188
1336297363984543751
1335937171925200932
717774036877623296
1335217222114029569
1336048090533519360
1335985325416591360
1335926965711360001
1335907198170443776
1335874543756382211
2218339727
1335715477977509888
1331119338313674755
31423389
1153023328602546177
1335352594936586242
1321858505628917761
1335319532962000904
1324664641952382976
1280388689856626689
365908330
1334866240007966721
4902698218
1425602959
961217351990595584
1334251606905380866
16812392
1851996282
714538989164867584
1223514530
889625083
515646095
1334388667071205378
1334253292478672897
1211834197
1333407546976165889
1333828190184337410
244646590
2733223407
30884304
1221196925170569216
297261127
1333673407985147910
22570250
1332583256785637376
1321785115652009984
1333542871895597056
1276937656820260864
30823412
1077912359941931008
1201470150626742273
15019856
110416401
88001109
15034076
1333211121298382850
1329158981558951936
1249006690202157058
1239857042384453632
730113131578568704
63556896
225955770
1331700087219695618
1079433169294761984
1011349572
1720099086
1017152936860930052
471142962
350220504
1013487002304630784
1329740797659504641
145974275
790809752
173656874
1331935477948149761
1320673870463062018
1331924060347961344
1331691538049609739
1331683335568027652
1331558779104714752
570867621
967895348
1324019953926897665
789919889981071361
1272234110900150278
1325005683847286786
1146407579523964928
1325788043178102785
1330985412752519172
866102430
1330980048556466183
125943095
1320100460502634497
1330892617903726593
2698869289
1243153587292815360
133756672
1301599540542418954
1148589260628529153
1330782192876855296
506317379
1325927502439706628
587463070
1038851079834927110
1330566502064529408
1330559219146383367
900020667722215425
1330535916872605703
1330524880891236359
727905360
1330461093689503749
1220284102798200833
1323399350417063936
1330334942753067016
1321535382140407808
1189024516128854016
1329933047475671044
1325942514029907974
75753961
1330190857740447744
1329797804483612672
594900317
1330120139694612482
105090809
493456530
1114448652485963777
1003675868
896147424821084160
14606990
1329879303354454021
1305099830960828416
987334723
1329740448701829122
1329707762616573954
1035167611968004096
1329575356471402497
1309226288964608000
887628437657190400
1329510901314150400
1043057922
1329473496666300417
1329476357290602498
1042760238875779072
1050077644459528192
459216816
1329342370274545664
1329403738755358720
248673535
1329371259491266560
1329356151868305409
1329243048014991362
1329181269381537792
567786318
1329129752347758592
1226891680646860801
1329093102989021185
1329071878477025280
2721314405
1897524170
1329024471546654722
62255411
274923088
19770476
1328960018692132864
430955783
1902804870
556670638
1328808407227375616
1270508600457400324
962325919
1311576020923879425
1328605815209668608
962528530834903040
1328497409253642240
1328448012562145282
1328438905281130496
1325114889753518082
1295655482221383682
1328294197577789441
1328282646405926913
1313946071580770307
721721018281304064
1328094716630589446
3418962663
1328076078217367553
1328035177927479297
58554071
1328020299053494273
1328003262159708160
836294047
1318862397998772224
1327982983341608966
1327985575681519617
1291685809146363904
1327768799483994114
1322989479737626624
1327714807966003203
1327717083073875968
1327685046904508418
1327668393462390784
1327226066147168256
1327598862471733250
1327584251429183489
386725138
1327554136351649793
1045745553148182529
1327358002064723969
1325158316901720066
43662896
3226813930
1288254910727847936
1849196858
1327181164986175488
1327172681335238656
1189981735804637185
1327155289716613126
1320444901545398272
902250039476711428
1246099888892452864
1317815001462296578
1261211465635299328
1326946069683576833
1237298180934557697
2969419671
1326925049882927105
1326919325559754753
1326908815707693056
1326879704041873410
2766059840
1326672782336413699
1289605775833300993
1326651278622076928
1326641897960517633
1326613955171725321
1314272839965593603
1309038840695459841
1326566259304108033
1326550676026003457
376789686
1326477553641644033
1326472000458682368
1326430490283438081
40726893
1326420361873911814
3092432817
1326299824061353984
1326299615482753024
1325454708274835463
980192860384497670
1326231236734496768
1325231458739425282
66651109
825588783311642624
1326128870693744645
1263041077210222593
97180996
1154489860390080512
1226753045951848448
1325951530806239233
1115300805693923329
1317667418580439041
3235102827
1325895167006691335
1104635107
1325371202865672193
1325817313984131072
1325801147320426496
327676260
1325791984473284609
1325785127365070854
1230480102170988545
1325690501266280449
992729386574143488
2421220660
1325572723519746048
1284105790907973634
1211036325303865344
1325547667204796416
1325542127456165889
1325482410180546561
1427554790
706183961
1325509331626958856
1325500927550304256
1325482416144846848
2994094818
1325442144216166407
14325584
1325404675554897921
892396827374432256
1024022389
1180133547115532288
1325361491479040003
1308810439934070785
46232070
297030879
2409662293
1325339645392150530
1325335512589152258
1012336344436236288
1226236810428395520
1224959882664796160
390975260
1143592263475499008
1325257614754713601
857529402044940288
881498278092824576
1325226625328410634
1325222718506229761
58730960
46857784
1325219470592389120
1325209918467698688
1325206688811642880
3857198249
34225776
1033055437
1325178137915789315
1200474629401436160
1325173850053599235
1325166163542773761
1325164189850202113
1325169130740314113
1325164968912719879
1325165817168859136
1325166502618652675
1325164180681355264
1325157716663263232
1325161913551003648
1325162645276667906
1218280439619760128
1325157322302185472
1325156683727986688
1325154978462277632
1325135103740162048
1325149823142555654
2559442976
1325134741411045376
1325144003256459264
1286240142546677760
1325138939422732290
1325136941868781568
1325139645143789570
436778436
1325136977704886274
523146915
1325137118411157513
1325130334850043905
1325126416455901184
1325127073761914880
1325122642156814336
1325124193449467907
524362433
1325114595762180101
1325097460633571329
1325098603258507264
860039577943363584
1250374698787057664
1325020389995581442
1325027058813169665
1474396332
94418016
1325001677724921856
75239050
587245486
1324980011581968386
1224783763412082688
134203390
2455399872
1324868200874569728
1324850631367118848
437017029
1324820206007525383
1044573885059018752
1324809067047636992
1083123187049811969
1324791760632139776
1324790487530852352
1324778096520822791
1324777714109263874
1324775677988655110
234760533
1324728762966167553
1324717034513584128
1324684487238787073
1324660644092780546
1324684451524321281
1247205114101800960
982148467479920641
2975238491
753903716911157248
1324511239293276163
1324504528037830657
1324261281159925760
3558171561
1313769155573751808
1324472751323840515
1324460700501159938
42712954
1324444398504083460
267334310
1324430441248657408
1324425432742137856
895341344230658048
1324406261052571649
34246682
1324396515616587783
378044517
93162897
1324371840270274562
150619311
1324363058093973504
1324360837096787968
1324347995303936000
1323940332896161792
1324264346239815681
3231871829
1311281285361545220
1324234305854472193
1127030407076163584
1324118470984896512
1324114282943074307
1324114699491880961
11517512
1324085077798756352
1324052118165168128
903301581348769792
1324033007024558090
1309687214
1173264984337506306
1324006189877940224
812640918541074434
1323987855400751106
1323987467691843585
46322434
1323971791694548994
1026900098448588801
815223035716194304
1208796075441692674
1323919334390071296
1323909622823063552
814958157717979136
1323902853132521477
1323601555950604289
1323896268226207747
795943957
1323780599522463744
37245376
2246069085
395993120
1322459204775456768
1323748001341448192
16630001
1323733694612471809
1097317916
1323715340140978176
1323713383611404289
1061277487894880257
1281275635856478209
1323685772747247622
38663930
1238041699412303872
1323643060702662656
1323584943834996737
1303840033
23921250
913108153079910401
874177674
1323275259412389890
1321448671859429376
1323234217225035790
1194205151231434752
1323218164273078277
1130470346417737728
697550996105523201
1266358506757722114
1322997029975588865
195020853
1323016651026108416
1323005219307986945
844122007
3428973333
1322950254963101700
373653233
429006980
307299194
58331034
988058424557604864
1322849472288796673
1322797850317754368
1290933074683977728
1109952151885963264
2596237470
706608788074266624
1322583340839567366
1318562422823813121
386176927
394956374
1306337073893462019
1551459979
1322477800243273729
1320763463409520640
1322412325568131074
1322311900294762496
1322298011804983298
1322261846716534784
33874959
1322102179130474497
1131296631859634181
327391044
1321966873647419392
1321794891530252288
1313403145268137986
31404404
920721958613999622
1251636320704835584
1321805213443985409
179993326
1301932656381304832
1321718402503843841
1321510627324645378
1321359296379166721
1299191449939054594
1321222839396147200
1315323383605755905
1321192355018493952
1321184580364283906
175876346
28413649
1310897014885044224
1321058225639358469
1321047181554524160
999286953697841152
1320813226137997312
1889562733
1320696456047697921
1320461697627410433
804037478
19679091
4924029969
1320453555250204672
1317197518296522753
1083439044124729349
48749393
866058777119870976
787661430
1170637286410719232
1320216659177672707
706238158736912384
1320053686735949824
1320017559857565699
1320002959590252544
760218398
1319757152202952704
2725020430
66323839
1154453769771540480
2549767543
1319306740752670721
1078657196790071297
1319316433675890694
1307632853920907265
919866611141611522
1207048521033158656
1319227220339138562
243386022
4189545917
1319047108507348992
954233843854249984
961647492709470208
26989391
1318956214294818817
1313850998339837953
923980158868049920
1318866107697139712
1129207741258588161
1318658571337420801
1318595408113827840
1318605730958725120
483825997
1318602394142461952
406185053
1318584850476077058
2974973199
1220749365100281856
1317803792205754373
1318496541557088256
1318483256468295680
1318451827202023426
1189668996146192393
1312018365851066375
76125621
38408362
1317900210371239937
1267760788963540992
1317881612256890882
3089920956
1317716722300878856
984741302851039232
1317606944551636992
1317562553292214273
1215260626559406080
1131216549103251456
764793103102447621
1317481355127697409
797913935345287168
1831109293
1317379483708674048
1130810838116458497
1317374214865883136
1317207189375811594
1317180494614855681
1299304969217114122
1168798994904035328
1316835474913341456
2269433298
1316829730918858752
1316773303613370375
1316714227948810242
1316707291975086080
1316657373570883584
1316650426213847040
1316082904032849922
2325523308
1316495263498895361
1306557913620713474
1316457252488990721
2941544871
1306192423035559939
2713197200
1316328277313810432
1316321501336014853
2756454263
1316289968164286464
1268835323691270150
1316262741066289152
1241316297784340481
1316116440014098432
1316106832608460801
1316064240743182337
1316032567167127552
1297868792018735105
1189625243746426881
1315988395332710401
1315960922029076480
1315773346177409025
355425924
1294662682075893762
2389070901
1315536497676779520
1160940603796066304
1315487001957859329
1315480252588666883
1315413184858206208
1315396091756584961
1177851265361092608
2598311426
18564612
2326591779
1019680486833172480
1315275918097739776
1314555231670337536
3130241921
252711672
838027920174100485
341589941
1314900893859565568
1314595788417310725
1314870584191389696
1125034800115531776
1314673407976501249
1307401925588123654
1314619039096987651
1261738155079761922
1220716103917277184
1314507040576995331
1314492738239369216
1174767521460883457
1259140896253259778
1018122649883602949
1314313510659260428
1314294207775899654
1314292272729595910
209121104
2720043105
2294415041
1314227972363169792
1314216547611815938
2557429591
1314191440214470657
1314174517904900096
1314162811329802246
334309820
1313924632836280321
1472027810
1313919949711257602
1279100192080437249
1313875334811525126
1300676631246315521
1279137633902497792
1311284952042962944
1313798192299945984
1313790799260381184
41908037
1313747876204421120
91322357
33870274
253622283
1306093617799462912
1182420780577103872
1313506963876196353
1313474329007534080
1302576245989871617
1195512892940046336
1313441448436604929
1313440872349028352
1181840582169288704
33167260
1304831445295403009
1313205695689490434
1313202936000937985
1313177824820375552
1195781926734442496
258026952
1313115031928737793
411728884
14561292
1312863193426006021
1312849440349315073
1312831222377320453
1302625121509793793
1312751274392199169
1301095886139854848
1312692254197387264
3601963522
1312642153642942465
1312046557760565252
1593812052
831546524
1101962086203179014
130773534
1460412936
1302599882583273472
1311967240875659265
186190671
1000779546839474181
1312368162458001409
1312332231214542850
1312323500808470531
1312303535296569346
151193682
1312297843298885633
1312298900007661568
1300448248977649666
880142584944918528
414797232
1312145588071346176
1312147829964578817
3301029597
1256906495414792193
390219678
1312035098200547328
1303692832222441472
1312012551182524417
1311976452238249984
165167558
1311972718431162368
1311944892860575750
772806248798584832
84353658
1311932865156984833
464202422
1683175976
1311911413573660672
1311901144558571521
1311897230610255873
2470136607
58224806
1309459346921848833
1311630853894701057
1311618490160295936
1310533649385820161
810453453197688832
1263149342745034753
995205171113324546
28766654
564039825
1311424212079390720
1311413064026259457
824535014587109376
755135427003244544
1101597626850557959
1311339715413585920
1311336649956229120
224359119
2736841363
1311277252408213506
22627258
1311228693386272768
1311212509265887232
1311211720120172545
1311067542501425157
52386128
1293799500130193408
1310999821109559297
1310995089636892674
1310981861657776131
998677308348170241
268866971
274421308
1294554278951096320
24745448
1310471316219330560
375639548
1310318334425083905
36098799
2447988223
1303424765106049024
1282984719655763968
1302750950512308225
785571533498396672
1310140866464489472
1310102290444021761
27844245
1310070654046220289
534219572
1309893532111507463
1309828816085364747
1211673992215449601
15646128
1132704158098837506
1309384735630807040
1002202328
1309519069436051457
1309471141552181250
1309479047878127618
802315148
284996220
1273190719289724928
6996932
1241440660500230144
23967364
257646412
1187169055850950656
1260625565809348608
1308983092938506246
124407750
2426569115
494912414
1308526258431590401
1308483810900803586
262663097
1306593394974625801
1308354922778329088
2660726708
1308240826955452416
1308158859127779328
1308139879864430592
19200499
1307987001912811522
1307972548219547649
1307927147122696192
1307919698361815040
718977743
1247053671378161666
1307776677309800449
1205997572583776260
1307759618333044737
1267398013733023745
1307694041358839809
554555041
3122603603
153732949
1307621517493235712
1307608915555897346
1093038021585313793
1307582901656186883
1307568506058219520
1307421002922708999
1099246780405944320
1252127025533530112
1307346207245828098
974978719835189251
1307228438772748291
375518355
1307048407513681920
1307011682066214919
214893786
1306998501646229508
1091781964561031169
1043437597073268736
1306601308405686272
1260648515191083008
1306897586645762054
1277504396360847360
1306880655456952325
927147926
370769022
46965767
1306676140275363851
1275530229642080258
1245652087175704577
1295429005781467137
554466061
1306536347776225281
1306525307453800448
978546317646618624
4074700877
1300102238489251840
21996027
1306230670209974273
1306129057487163392
4848320060
4122501154
1306125512524300288
1305985990713118720
1302848482630393857
1102162788036894720
1305843366282887169
1305799591519019008
1086003270517174272
1305774624811241472
1305762535791042560
1305730812130865153
72678659
1305615665022341121
1302262178007965697
1125479276336308225
1116977448300761088
1295468408583131136
1305441693819375616
1104468604383387654
14824106
1305391132034166785
1305391722692829184
1099783094050140160
147606771
250703043
716750286883266561
63860165
228158083
1305140688103841792
131661712
531738379
4836064754
1304871122891141120
1048235800880730112
1304782632232906753
1243073726549286917
35431540
1304674028951687168
214413473
4048152814
1304395743600484356
1058738728213143554
1304481675150340098
1304459250538815489
803159667618828289
1005357159289245696
1304349344569716736
1304342354023849985
369143776
618118376
1304304150524592128
883712585836617728
2466596618
4899385605
1304155014223495169
1302203412969390080
1304131939532713986
1304127400867958785
910875612612583424
1304034570103394317
1304030426990817290
1304017499961393152
1304008607969746944
700763097221484544
1303953706795368449
797112804083978240
1303816111734038529
2246048034
767641248480030721
1303729281395306497
83324881
2562405506
2952758232
1217689066189271040
944200460
1098187615432523776
1303647996379385857
1303647824098271232
1303648197076824064
1303639036700094467
1636454118
1303573315211194369
459058075
1303454986630836228
1303428476242984961
1303395536272330752
164794614
405082828
1071053863430447104
1303321263423791104
1303009924990078979
90622979
47967108
1303071823786106881
1142898794482323456
2320072845
1296399934284075008
1036889502994841600
1302505775676436480
1242399017251876864
871711593154981889
848756425
1302663439320576001
1070356351992377344
1302643563340103681
1302590030565736448
1302582620342177792
1302550710110826496
1271166141105389569
1302463176009678850
1301923133868388353
1298717308320284672
25977779
1277917703609757696
1302220024229363713
1302104822888493056
25867735
1301955612037787648
1301908120357285888
1252579980
931823293711167488
1496022991
549941195
25291367
39273010
1281945592554565633
28546764
18769714
1301599198761095171
1301549505582596097
178738098
1301442300418158592
1301421692435206144
905331215133286400
161535943
1308383641
1301231352944234497
1301221291823968257
1301213552515133447
1301148348553072643
1301117112359022592
1054091266252828678
137801939
1300791283494129670
1300699913706254336
1300705957970874368
18530620
271333290
727475167174230016
1300531577865240579
222930089
1300432105390960640
1300323717801746432
1269226496855625728
1300157677226668034
1300125175262912512
1300108447254564864
1299985665132814336
1299970121872572416
1210187328926441477
1299827519252819974
1078981714293207040
2318670603
49763445
1299699034060357633
1299668085977354241
1252249685651316738
1299546948203171841
1199411830080331776
450588969
2165444468
840615971677229056
1299330559567638529
58158440
1212545178029805568
20444874
1299255319290425344
908430776806576128
116438551
1299127209236541440
1299116095773835272
2725327558
1204391868508901376
1299075504042135553
4703092950
1298885811509788673
948659492098662400
1203730472674746373
1298973592366051333
561056629
1296824355075350531
826457733834612738
1298726451437375489
943269042
1134608461
1298590463704870912
2284280579
146130723
1298320279932932104
1290445750065860609
21752900
1298335767715024896
1298249507780657152
1265733894567071748
1298227861292285959
1298203145089298433
1278599043833364480
1298172220276117505
1298152885860159489
51717663
1298018727795945473
172501103
567187078
1027171485423726592
429099421
28819395
1297510406181838848
1297475876255342593
1242938795110039554
1297321312428396546
205636809
1297288178085310464
2778729437
742285682
3024222689
1295670714385797120
1297204455251771397
353921685
1297166375883083776
1297152953565011968
1297125384866201600
1296940814392872966
1296904561286950919
1296888834710478848
1191025618055520256
1296703263937527809
1296704145831931904
1296681504370761729
1296539813290676238
385027384
970012506
1296511101824380928
1296389992168783872
1296373382573961216
1296323466703011840
1296054648969859075
920965835434414080
1261632847
1196341281066291200
1159452355559079941
2393916987
1295722372687900674
1077549504784723968
1295596588556050432
2878112069
1001055941536768000
1295391058239655936
1295347391911141376
1295328564364087297
185354709
1295255037359337472
1006582818594533381
1285838385542828033
1295054980613844993
1294925811406053376
1275176925728833543
1284494893440741378
120158234
196663319
1280319597011484679
1270221764514025473
1245692394672185345
1294534668172308481
1205802271403118593
1288810719912304641
1294364182972960768
1294359385217609730
14238749
4096845689
331612214
1294269593498853381
1268309125710086144
4808519177
1197668444
387948362
456073094
562886348
1294041867294838785
312774373
315153945
1233457280198356992
1387983013
758997979
1285688400960532482
2399269965
122172405
977844647505653760
1293996523483803657
418912252
1293858698159435777
737639258509447168
4866094973
1293821572768309248
447536883
1293811148517777409
1293622383660740613
1080558808752103424
1293530521365032969
1293483098194219008
31509576
1293467849583988737
1293460292484177922
1293454224890699777
2737484361
4855019974
1172728167339110400
17068451
30691617
1065284030
1293179731022553088
10973212
1293172552999763969
1270455670664572929
73487150
4833390892
831217388133744640
1292949321185472522
1292814051626688516
1292416080229662720
1268945649271296002
369378538
30325217
1292251866638831621
1284185997652172800
1292179589050118149
1274598933579382784
1292080686300565504
1285298915571531793
1291931987901546496
1291885145998467078
1291856644255645696
1291847245600522241
22713828
29182651
366037745
1270141296103964672
22195253
1291368275935461377
1291359592249798656
1279901237744467971
130598428
3400106681
1967302844
923462922
1092426894753103872
1272135127464902657
1291068981453950987
170992820
1290756654536032256
1290751505851658242
1290732736316047361
1290651308442214408
1290661887500324865
1253348557626753025
1062002811905495040
2644538089
1290567253524713472
1290406474309677057
993680448
1290279231503597568
247731450
1290255232035889152
1215914436
57617604
1290005656297181190
1286010466490363904
1289898776417755136
1289893328868302848
1289834941702983680
1601061084
1289687711486550016
953419003598340096
852172597680889856
1289456092725088257
1289340465251266560
1284565849274290179
1289278256441679872
501991642
756500455073714176
1285301988012576768
1288929137554534401
1288912617369739265
1288885376938127361
704336377807314944
1288846629924151297
1288831468740005889
874169343474585600
1288733988840968192
464160082
1288566739400372224
1288562277260681217
2791233545
1120980275532652548
72268080
1288382010864676869
2172027342
1288185938821165057
1288107730138329090
1288023955480215554
1287898472360837121
1287671221807710208
1287435605983604737
1287371964760367104
477673562
1287361454010765313
287584846
1287341222076526592
1286665631337713666
98093876
1286624881996595200
1286994589124100098
1286948473510780928
1071398514389909504
1286737602117357569
1286684776523497475
1028643556167241728
3107979761
1286597584623206401
30878318
170880613
1146147333333225474
1172013756
1286378507233300481
1283737615041273856
1286346656179458049
1286288189603418112
1286289662085156870
288712680
2882562827
1286025861125242881
1726456393
1285975338825199619
1285962897529679873
878618080229961728
953242848744394752
1285892200295956481
1285873243057000448
739092054
1282125029787009025
1285660274675122181
1285642747228151808
1285587725865963524
1166663356322856961
1281355570990153729
789959533795897344
1285464687413526529
1285338578256629761
1248247834450833410
32890796
878291641282514944
556202113
18682329
1230299336375799808
1502897041
241425428
1285025257334677505
1285003157668605964
1268304630720716806
1074672111678033920
1284884489592803329
1270882382686666752
1257964130
1284876153405214720
1284852686022639619
1284841021059354624
1284799150870147073
1284755730772430848
1284742610003865601
1284648395773272066
2246282670
1284598590191677441
3124744696
1284553851639562241
1151954555053203461
1284476500696276993
1305425917
1284233936567250945
1253328891923410944
321886585
1284185963971907584
1273870312640217089
1284169586972209157
34713973
864514791641149440
1284052853204619269
205756837
1283948284248301568
1219335891526848512
439237346
1283825971905298437
1282737768624422917
73611262
317643480
1283516248094015488
895246093314908161
1283406703774638081
1283317998720364544
2396099815
711838856262389762
2580785555
1283282440799301632
1283166702579126272
1283160626261630976
1283149527923523584
1283133733470691333
4332317236
1283118860451885062
1282795821130547200
26498693
1254386440940605444
171555552
413999878
14675346
521586628
62476545
87954053
1282956801550495744
1282912903390285824
134140108
341566505
60856625
1226219376992509953
2990968859
1282668061716369408
1548432379
1282638710996185091
1282633807456329736
1282625913386139648
1109334146458046464
955753387
1282415492418940929
1282412711461126155
522268751
1282268046783127553
456542714
1281225929948368896
27074695
38629294
15531160
1282038439857225729
1280543881348747265
1227190846858108929
295039158
2294266685
1255494594516713474
180692799
374415321
1281555301544660993
1060940707182063616
1281310185290706944
1281288101718081536
1280894584374071296
400882913
976154633868664832
1056787745320910849
51186556
162495734
1092101892325474305
1280559527730073602
1280538924889313282
1280514102402703361
1280471480531398658
1593812076
890476039029350400
1280110482955931650
289568966
1280061163297013766
757761513188974594
1279855819933323264
1229308505330458624
704366364568502272
1152455761999683584
1279802723051986945
1027192472693338112
1279690493706874887
1279557091489910793
1278429427664408576
974934612089737216
1275751948915027971
88022967
3136042660
1279288824208789504
1279171925143703552
1538248476
536457560
1279147627100110853
1276470218420871168
1279098497824849921
1279100998049501186
1197128408058216455
1269917925512753152
1279061040190361600
1279004285859225602
1278987893701214209
946372453735034880
1642486705
467266145
1278934628301189121
854284116
1278866450799833095
1278807372266385408
1194572505765289984
1278759121513263104
479400136
1278461460943945729
1278294536666611712
1278002029475115014
781770567653425152
1277964853529858049
32349734
1258108507078918144
1277698271037751299
1277645625199415296
749284058958536704
1277325948245946370
1234171000218148866
243838356
1274671736974454786
1277249436620591106
1619767424
4428958275
1277168983809064960
1277090406103203840
1275378564246827008
1090305283560214530
1276515010924154881
722468948793565185
1276431176362864641
1276320722269491200
1104828332804329472
1276215988590186505
382810532
258450384
1183520150093479936
1275896809957752833
269962494
1275885518153306114
87894434
1275558493941108736
47438885
630328458
61872781
1379960904
1275341991522508805
1275313101181722624
1275307599408312322
1275202985359007749
1273232927371988992
1266299387551952896
28112223
1274980645572403200
1273766098316464131
1265598313593737216
1045670733161140224
1274796083970019328
1274755679035822080
1271081902443761668
704744519355527170
1274645195125129217
127226832
1228644841237753856
1274587688369303552
1073314732747169794
1274404376921112577
1274335892736479232
1267878929249034242
1273007297967599618
1098357444063965185
1252318425277444103
1272435071371358208
1273929764173160449
1273737485282050051
964881747593834496
4397819602
1173397237529022464
753967468712976384
1894856984
778240055961845760
1152415611110219776
1273375168816185346
1273366360190603267
1273318128148254723
1273192185668796416
1273169171950505986
1272968563595317256
1217811446408646656
1268700134969430017
346182446
1272775377170108419
719306183
3024330355
2835780117
1272380525311938560
184111274
3369717653
3173900645
800486451351695360
344576470
1264853890723450880
1271803377203240961
2215722232
1271416486607847425
1066471325684953089
2755831649
77504330
2162377251
14362078
6437312
1686076465
1271036225680551936
1201509219620532229
911155504617000961
1270368061
1270939841975459840
121153058
1270805694330142721
4358081
1270748717998641152
751506312
1270721373376139271
1270648951864254464
1270618934530768897
1270614836439912449
340972732
1270456532099108865
1270451128455639043
1270437821573148674
1270429673957326848
316513798
1270340682708930564
1270270046628126725
44854666
1270188449728024577
1269642111109992448
1270074552593285120
577341415
1269965092810100738
630639754
1269694954315579392
1269689218516824070
1269680905301438464
1239888707143880706
1269589541058482177
1269586836898435074
1269568732579467265
1269544382602121221
447866722
138726134
1256327088698732547
502126656
1269247659132551168
1269387561098772482
419827153
1230610170650255378
1268928752207224839
1269307658445770754
588621200
747756621753901056
1053229556
1269212197906939905
1266501350608834570
64041023
1160216870382907404
1269041617471758336
1849407390
1268997330725941253
1268993660668063746
224388807
1268956203159339011
1268963254895861760
978870208352923649
3065951663
1268808836187664389
1234537300224303115
1173222462
1268575719828881412
1262042397141327880
1268531651237249024
975059622171115520
74219328
1268473801618137090
830809313677627393
1121833530
4605691035
1268314449598918656
1268291160260444161
1252502078
1268273252968861698
1268263865650987008
1183299316531810304
1268181016490979329
237406913
859530512246943744
1268115206493831170
1250081711918067712
90663018
927407938926448640
853751326974627840
1267948069586427906
1267770165506330634
1267930340137582592
28081962
745699248356884480
1267884744437633024
1267867146392133635
1267852819052232704
705273616
31360465
1267792734577995777
1267781361173237761
1267769101100953600
1267721731822755840
1267709820142063616
918389337284399104
1267046595520012288
1267508500999090176
1111510701695066112
3084567770
1216423692693131267
1267440955076096001
1267400290304655360
1158685567611219969
763425176688132097
4869622019
1265726065256914944
1267148354817056768
1267122414586073088
1019238501592727552
4081813445
787606657966768129
1267069115161817089
1204829326824357890
1236091402720669699
2557001468
1244242810225729536
132131778
3067451224
1215390971665485824
1266798698534764544
6631
1266768801938448384
33003951
1266633550662688768
1266632619023835136
992113060914647040
1250448094937976834
68720276
1667434620
340600004
1266168586013466626
1266108607101317120
1266106933703999488
1266098143604678658
1143809434638004226
719565183
1265949104930197506
1124046246321250304
34402309
1531032986
1265583636130258944
4878925330
812296005232324608
973886146727079936
520742582
1258562096511561729
968869052
1265380937489158154
1265371566784774145
753630439412211712
1100728332516278272
1258036975782834176
1026156166735425543
1262318202253688832
1476454302
1264933723360935939
1265047129850097664
1265007840994955266
813129018694336512
1264857950532878336
2859730075
2416306244
902516388362936320
1264647566618234881
1264592062835458050
1213892703655645184
1247839437012303874
494813940
1264482253851197441
1264427862809026561
1191400862712762368
2274662697
112392666
16509062
1264182763252580353
1035289131751026688
1218268708960980992
3044635942
1263884414351785985
891105200215396354
737339569
1263760907513081856
1251388935571374080
53335302
1256316274088517633
1256337149097623552
1248930906368290817
2363674413
199632743
1228718588967694336
113651795
1262810928296460290
1263159835182366720
1263130368162627585
1200180214778781696
28312207
1227904378872455171
1262808172865171456
1210499224774819841
1262780348238303232
1261018909156749313
1252937001214644224
1195665430251286528
1230144009110278146
1222965058596233216
1262644833015025664
1179332042091384833
1178941743464681473
1262499681118105602
3973274409
1194683335362170886
1212747005383958528
1262459811423232000
1262323585013764096
572062100
1046717416984768513
1262182640465195009
2409550321
1261944800892325890
1097530526162972672
1261764370092228616
3644590889
1632611184
495208281
1246036752286003202
54873729
1261399491384610818
54890546
1004410585830821888
285128761
1261035422110679050
1260684258135375872
181649648
1260974114057175043
292804012
1276653800
1260903953988009985
3547190417
927654729018232832
1260879980222914563
19093203
1260825256887037958
20133778
867762880816590848
1259983800810995712
2415534528
1260632729609293825
1210703875033960448
1260558796717506560
4141705523
1085871737558966280
112165964
1260371485681745920
466602198
1232533915426066432
1195683785553141762
237104419
1244989143328919553
1260195931770806273
1259788675254308864
91976543
152782547
3022178259
1259628673256304645
815302160
3299483476
375148964
1229772718809255936
1259441859551780864
870609785888092160
1259405018731601920
224259028
792036022011953157
269941072
1259243681808293890
1259190303950540800
2586939154
1259144488963969026
1259142906918637572
1259040297260126210
1258924800006926338
1183472258586730496
1187352879612321798
1258769829261164549
1258754219139612673
1255454228853723137
3430699780
1258672243107864577
259179151
337317271
23063384
714496906206904320
871702333675143168
1010041878
338008925
326930125
491464234
1154931499625570304
1258045349182214144
952333691807764481
1258024432859258882
1258021184899350531
1257946444151033856
2869205559
864235833175547906
1257781160517742595
1257752992754872321
830176944088109056
1074729713120305154
1257615065655672833
1251803364683386881
1256974338965803011
1206933852733739009
407934181
111420349
1257361241221234690
1257326695943671808
1165734558467334145
23169528
1257308757307953152
606160585
1257248805717671937
1257235031208210432
1257227633089265666
1257195086716305413
1257134597944627202
1257058372827910144
1257037861288841223
1257017823781625873
27315140
1256982629783687169
1256980137469521924
727101025
2318603542
126264044
1256902218609016833
897767104560103424
465009841
32339715
1256698616984539144
1256699229596192768
1256641384746045441
4599868281
114043368
1256514453358743553
127483696
1256496751982379009
1250517180401291264
1047041915995267073
1245027099171323904
1255946571402928130
1255932408664293377
903337701944025089
1255870555653373955
63452421
2961895227
1158873329014640641
1251925554791669761
14234927
1255589490686676995
1246192050925645827
1255509917747818496
1255478415500722177
564720652
1212350260565008384
1349519514
1255411608714608642
1252572427651035137
20081412
2339745723
1255158772198191106
1155938934003785728
426955242
1167425823827288067
304025834
44210206
931732206
1176422786782380034
528534773
1146319088081342465
1228392124342788096
1608351758
2953495684
1236802159494270976
1100514397464731651
976500002062299136
1196938127996264449
1254509451014549504
1229170447
1254422377468919809
1179056446337626113
1254406261052968960
1160883915210612736
3331329087
16167957
760184436713455616
537195931
390085964
24544864
3404518888
326950512
896825236607336448
917302746096787456
1223324204646445056
1275944208
183834176
1169652501177651210
150621970
813015230854742020
478448095
1163043079890309120
29190930
63488963
4695343315
16912793
737876837578203136
2821605716
807492144
981464740760375296
1032189467774406657
245365836
1242856040070332416
1251909482587832320
846321756851843074
538239623
1316674004
1253671165521825792
3299126801
1253555637004492800
809430914916827136
1125745916282064896
1252372858610823168
94595982
1253064210864648192
603123335
1253016582256803843
1239662516868771840
1252978431043801090
1252937966323892225
83385523
59576068
49284319
1224822438132965376
1252309843752468480
63430528
1251959185559949313
1252283281221070849
1252209063032696834
1252190081219256320
1251962916603076611
1251957848097120259
1251914499294101507
1197633904921976834
1251874982189285379
1251812129574961153
940254511544832000
715250310948720640
1251596100005433347
206394141
1251462715836637184
1214496854462935041
1251418117022060544
1251065081753931779
705880094389223425
1251255780940156930
1246344771167236096
969146402713587712
1251089070215901185
1251183367602798592
266582331
1236584579663872000
548525527
1239277282524618755
1251092774063046656
1250989070261551104
996468163557707778
1250826755809726465
1250825798291992577
1175139314746953729
1112789911227285504
1680901585
357493773
3178221399
1250556485832237058
1226184495629512709
797430152976334848
2310502713
1250490524919832579
848820971872059392
1250388768378490887
1250380587732516865
1222644297784352768
1250324728369147905
1240303890786070528
1250251554768203777
1250199537949585411
742865374664876036
3132237429
1167001156876406789
1250116488742219778
2330772855
1201610659005288448
1249961896985399297
1249843864464220160
1249784398892982272
1206217038533971969
1249746715877523458
1172451724650586112
352374311
533156358
1249579234315698182
1241862568848826369
1249368065969737734
1228332254813937665
826493384244146176
1249225767751483394
3345399311
844450699689758720
4884655689
1248891248116727810
1248848881066168320
1248760078959861760
1248698121070301184
1248591456018800640
1248575923449999362
985516032
320705121
1248526901142044672
36678662
253524696
2958229310
1226598225953591298
1248366997135638529
849941832033239041
3014736262
1248041378631819264
467320126
1247993645791395840
1247988242026303488
943817462470135809
455547599
1247804884721655815
4846453630
94364500
1238843193543864320
4870140845
1337436505
1247505479825330176
848075701
1104075239049347072
45384955
1884359780
1005071112391274496
1247198891260481536
3347532754
1247150554457006080
38629559
1247092816083324928
35195523
264824548
1247024096749277184
1198335086250381312
2941011753
1246924286427910145
1246912398801481735
70419881
1246903775564005380
1246873311524663298
1106877397696155648
28104451
1234074001040760833
1246751614465126400
2774216516
1224832080430821376
1246731415699537922
746920464
1246702466810380289
22434230
1167686018721615876
385065056
1246160822348513282
470316470
1245043927905980418
2369854828
301469861
101507178
2546144879
18091303
1031662642396577792
1245746618172874753
262027474
1245596230635282433
400330704
550831327
1245482734581055490
783767093711933441
1108122375495843840
175433574
976077496587255810
822514084801351681
1245369436418301953
1245348190234255360
2192615043
1245337773265039360
1242924150156595201
1245297715610869761
421878586
1175857019242328065
1245167628865409025
1245070230528888834
623956741
1244976299380297729
1244960463512915968
953707735534768128
1079756148721496065
45567516
1244887759531237377
756041997757124608
1160798565356199936
1244741331433422851
1244672297241382913
1244657346338586627
340639804
1244597852631969794
1244516926409396224
1174323728538378243
4820625489
2182359082
826848803315707904
1244346069963718658
1187129300333584390
569388301
700913329028657152
240320478
1243978285442387969
3434844441
1242760220608204800
1030152459015151616
1244227708961292288
1244202455673516032
1240320310060122115
1243903677682900995
2558543764
1244041911377301517
344667175
1242834501178396672
724148994914549760
577446805
1243897420842438656
1243888536480296960
1243870439866318849
1243835784727351303
14782968
1243669069439664135
1243658778081406978
1243627270415290368
1238839839262457858
3099474670
735324474
1243531201182347265
250803014
14462036
1243349550628306944
1243319027726004226
1242889912828952580
1143112659711254528
23201723
1243235191822434305
1236956227814514689
1243225739438313472
1243221963029581824
25389573
1243215413506445316
1235524934954336261
1242436601692721154
1243185489257127937
1243180538480996352
1243174189714018304
1243168352475938817
879980506225537024
708386671235100672
1243071616151584768
1242934780360101889
1026067413169840128
1242570091805511680
2745930434
2920300059
1207409138281730056
1242822236207267841
797365038751318016
1184419683199574016
1242802107184558082
1242728484788674561
2293888102
889599093504442368
792760530696110080
1242628090813132801
1242593348457766912
1242587203882147840
1242563900291321859
1242508746804396040
1242445523812057090
1013406484921831433
1201266313391464448
320095560
1242343926339698689
1242289541500661762
1242245663397724160
62768544
1059821714417373186
1241731346181087232
802572180328501248
915682964671025154
1242116438246207488
1259975232
2798816554
1037866644
137688170
792028857574518789
1242022869955162112
1242012382567845888
1241308942145392640
1221130208134168576
2878104478
1241706069325479936
1238448199670562816
68384274
1241664659293376512
917850533469278208
470980594
42494407
1237698272732512256
1241475267840876544
1241414238159208448
1214586355159912448
748234881776422912
1241264482254454784
1140781620389122052
1238177008028454912
2938853619
1198803640900829184
1240996825152266246
359573935
835022912394514433
1240909121362296832
1240898656007577600
2923598356
485647479
1184208114297528320
1240716312567074821
340178584
1237354206438326272
1239595165242753026
1031576627904425985
921065539182776321
1240581387968811009
1240570747770241024
2992192096
246298038
800814287992209411
1240392031849058306
1239459947152375809
40324810
1240313834193276936
1222511662789427201
1218871682804473857
3524766977
1240227777015619585
187960581
1240195603516317696
395770470
1240188156269473803
1240059784704995328
1240059910920044545
1240057711661907973
29753796
1239983690714931206
56051001
1239960414605148162
1239931329199910914
1239883819345469440
1239866579791339521
1239834888045461507
413110443
369395868
1239766383665315840
1183787742
1239648460426575873
1194835050187165696
1239542430430646279
733572795049746434
1023222655074353158
1164170201245655042
400426880
314707186
1239337362049687553
1239319271039270912
1239238620613087233
1239226470096134145
3039817269
1239177652738633734
1239165219982761985
30539674
151768781
1239122285619011589
1027952194593665024
19062442
1225911140540125184
1229673196191985664
1036652855753678849
554244898
1238944300504952832
1660878828
1238915658756370435
1238915476086042629
1238904930875977728
1238880052948930561
1238873880124633090
1238872777899343875
612480296
1047424933230522368
1238843685565014016
1238835289616941057
1033705528218865665
1139577446561435648
246504284
494341616
1075157116468510720
18139749
1238722587095633920
1238721554365788160
1238699517605826561
1238621638033313792
108418278
373032327
4144594223
19712601
1238447051870003201
201813686
1134456737396875265
1233146894693609478
1238352496776695809
1238312258058563591
594646773
1238258206356451328
119403566
30733439
1238169920820727808
472740215
500636121
2761944778
70208421
322177856
129332526
1237862808970092547
722015317283774464
1193991070000046084
1220892820149587970
624987675
1087004913211793410
403372712
1237708574798864384
258323144
386436142
1237017207655337990
1042790859463446528
1237484962871496710
1237484758248108033
119722825
816946548
1237402151296565248
1237373455496069120
2791474758
1152942300408008704
1237173314268925954
868368338711347200
1237132446434541570
388448113
1226557471264854017
1105682213604155392
1164495910522576897
544290399
1237089364569661446
1233489252710846464
1237058651401203712
1237008133245059072
4257876401
1236968079529304066
1147564932210352131
1236727640335298562
1236709422904246272
4281387509
327478008
37204831
1236627210687123456
917412548
1236554808884068352
2324346351
1236377543919484928
84303353
18948614
1190983825284837377
1236312773824524289
1236274707286065154
1236251683094777857
1234781465285726208
1236228535087493120
1235983566921703430
33194193
3261070824
1112333925521780737
1226426254116737024
710151810
338223886
1236003844917800962
1235636288893718531
1235865516666806272
917104316653162496
1235847344601485312
48361134
1233034031362707460
1346928542
21803061
1235698260989423616
1166762183763615744
29166682
1235575480520249347
251596742
957782968323530752
858061058778574850
1235466517531287553
1281367243
1235266441127002112
1030449474290819073
1235293230377447424
439400196
1235247743926448128
16745097
1226275427519516677
1233357667869102080
1233069898479349760
4084289230
821329298263048193
3186629674
1235108070226874369
629484120
29311056
1228419612645175296
3094086417
1234811744586993670
1172436549318791168
1234536184577175555
1228406236200284162
793732690801557505
1699914962
1234557378814775297
3292949481
3172854382
69538968
3062711559
876730536508755968
301555152
341912573
17229301
17803313
959950361007181824
1196050818501431296
454121023
1148649623743008768
1232742531621892096
1229981778594713602
1234118635775569921
1234144658655150082
1230762085979549696
1234107578436767744
1198768523943849985
41546044
231876532
2950345648
1074930032
1234055751380930560
1130347993893228544
883359609364283394
1043184489759948801
2957290096
14336807
55843581
734054286158639104
1228049445167804418
1125411179449528320
835562802752409600
505817725
361193517
811315869984980992
2956432473
469189813
75638596
1232789205920735232
1035360553
23369246
1232413400732520449
75633596
83797148
31402588
1229198782048301057
2419598208
976872652873912320
829759390907502592
1185744950719328257
1232314545487499264
1230460016416542722
1232246732165124096
1232232406607892480
1231965340504072192
21281102
929839677590441989
2279236485
836151396659515392
763298659
24676909
236163593
279771391
1231670701368782849
3069573059
787655117805871104
19151270
867155727894409216
1231556024148070400
117208193
83605407
383453751
1229168245921456128
998602590383476737
105134881
2868864184
812356821973422080
1189234569855328256
338324594
1230956697172180994
470073947
1218082707093303296
1211315855809642498
709417625
964200968735903745
1229860293431504902
1228975206909300736
1230629944855859201
246728844
2163863297
1144923877782556674
1230487979052978177
56314947
76102800
58031816
1230382450108485632
3193749349
366826890
1228947352871936000
1230182806443171840
1650451596
409093918
1154328491221049345
398241936
1230017469508726787
948217153018384387
1227699022699409408
1170825310612414464
432899539
3650798355
247982702
2782465993
1229117638196023296
1228597946490523648
829788876365504513
242727758
532092171
62347858
1185545405058211840
711822640596566016
825087036369547264
1229003205029265414
595765860
1228598326808973312
2801538844
941980603431505921
1228031568532385793
1226095871659474944
849303039496392704
983975456495063040
595827495
929450014690217984
1228681063997878272
340331713
1078366778965803009
39505623
276606850
775316007867060224
44581187
374003884
1216967020375420929
1217054578220380160
143195413
1227511571640963073
1227543028291772416
1227539672496254976
382779418
1361416532
1416515660
1085575265097564160
218119139
968497356487450624
1184177888188346368
31129038
48655571
1064226340382101504
1176764515884654592
1226941555178713089
107447212
561510048
1164515306905231360
320960259
1226893290479529992
1013475967845765120
803376123858092032
1226845325840801792
1226252692902883335
1223321440025444358
1172619799517704196
1115568007185616897
2958970431
6026372
1226546831649316872
1226590801452511232
455877441
1226535060511379456
1226511881348800512
504915281
1226472863378681857
789827964
1214138850169118722
78436605
357351823
1177227692892196866
1223914683213721602
1226188870989099014
1226129614021459969
1210356935964471298
244707638
986599884341080066
478132841
1566414434
1217623617292226560
1225604761380171779
1200457441718218753
1222151380326080513
2989968339
36124905
1225541882132025344
1225422773218160640
1225469172941049857
1225420372700471300
1217845247608336385
1222545909067800576
1225190390099271680
1223241960561029121
1012396165923508224
2968611699
1225085709830279169
752510809528471552
905591981467992066
2533940039
2908979236
1022437228461662211
632850912
1224941658384601088
1125215570125832194
1220431580994379777
966792774
850454944134070272
961612606262915072
1217178842567258112
544659450
2209322043
1194433264410406913
1224429271080480773
1207437652628299776
2964890477
748907946042621952
1224389137647775745
1027493930840064000
737524879
1128392142114701314
28191161
340870366
1224225937576939520
1224221972487385090
1224215895309979650
746989710531305472
1224073066919137282
1223931121303523328
1343888269
803353444136292352
1156294662757462018
1514104219
2441682307
1223716013214257158
1223649642841288706
1223637804699308035
703842023808184320
554504601
1223569403444371461
1223552817954279425
728168910802063360
1221418020595171328
131255358
1223262535320788992
1223177860543909889
2822731303
2396875789
153540072
24553729
267194536
1710712849
1221001748489428993
2995926699
2274724234
1222913311496425472
1222879703935201285
2844829473
1138752668
1051911360240635906
1222656412440047617
1222633514211971072
951820565236633600
20229175
1088700254
1222588552279724033
1186227547501158400
14234708
1208475889496985600
504992910
968259269878517763
822732512417972224
2394816531
1222257521764851714
1208192491465453569
3084631127
23786421
1161007799054282758
1222144330086977537
1222132232002973696
1189583911199875078
1075277152537534464
1221928030152675328
1221911185907486720
1221795946490671107
1013123157878890496
1220295370229649409
246166710
1221757385288622080
19990938
591317704
1221539816610914307
714106074
838657260
1094172301996818433
754088210272321537
103412797
334088203
929746817541201921
189205927
1220191754793693185
30844110
1221167473585741827
194943460
1085147355840696320
1221114334081884160
116394228
1308434443
1022017072488960000
1099452732
2165231966
242896184
1220419941720973312
3118977873
57587651
922853311
4263136222
2361823541
1220431587533299716
1194266488485687296
537460924
3295756660
1092679197158445057
19725337
33296748
826917614
1220747479811002373
31360139
1080358050253414400
1214065844608614400
1219323117157388290
23423780
1220489455833927680
1638342302
1123293814108692480
318959516
196239217
505733968
1219538865255518209
1220286247056420865
592072716
1860076752
1220245621065551873
1220218654098362368
54718834
1220083746369671174
2338318054
14006692
24208779
1207873148336660482
57395080
35832320
2729281535
895955682
397402917
1219905393067024385
1657014960
73103610
2970593573
337121671
711611980
1039771897276375040
1192437453333893120
2883782007
887292882
1123924334647697408
1219357279520206848
1219258933891735555
2636622199
475033944
28333183
1157195043364642817
1219261844096860160
486902216
256180709
1331552161
1217726459860615168
1209278210829144065
24687109
356443795
2764238603
844155890735505408
1216618303688527872
1192930625155686400
492267555
250016452
1218607376489689088
63298796
928251311648399360
1218483439701241856
1081519459322548227
7574042
1197186835786739712
1218327311138926594
2192090601
1212065091538972672
1218145039756468225
1218110719960453120
1218061822726676481
1192712950278164480
768836599102763008
1216061304445849601
2726416863
1217798631606181898
1097455970492563458
212245736
1212135811832897536
1217549848662171648
492935685
880852250779897859
1204292006
3228358437
1217198885057236992
1217463573473124352
785040270798819328
1217360622964367360
4169722942
1035630931791491074
1212479179578429440
624175053
2166083812
1204511419703726080
1180018932108972032
1214453706437136386
1217130267502137345
2391539978
26191871
116231515
182732185
121707181
795554559959715840
1216728278364577792
1216734564229566464
306612629
1216663139812618240
1216653271965798400
920071067288383488
1216637335040937984
1078772368875630592
1216481216188370944
993757722062544897
4030198108
1216420521853751297
938030041023344640
82930237
1216312957015142400
1216313321638580224
1382814794
1732084771
1216182778238328833
1216095218887467009
1216054041345740800
1215971299312443392
1079444710064865280
1215923778171146240
1215893910196838400
1215730737158279168
1213942967724957697
1215686274763436036
1215634357534240770
225533577
3082346383
2720545523
3321146854
71865268
1215374326909808640
1076662609603104768
890780811015880704
1215291619936735232
1215282362709397504
1214907373481054209
2971912649
1215152110792323072
708139225150070784
1201151752927662080
1027417916990541824
1214999842042318849
1214999845762715648
289610582
1214927924714979328
1214882471545847809
1205207821740064774
3376293309
1214800616721178624
1214787664844595200
1011264795629309952
1214707597657460737
1089818546463522816
434056005
1214646220322410512
1214643839564177409
934532553008123904
1159229406352748544
768501214669598720
247344442
1146512223247974402
2766336177
1214505564144836612
1214491565097390082
3154684749
1206498024555524096
1214447000172867584
1174755601869656066
521624306
1214306329315045377
3178613553
155588846
1548954534
1214156057657794565
917711638433796096
1214006693656350721
1213977381599211520
1213946101323059200
1213916733385232389
98170226
2981724587
14304253
2999364561
223038485
1213836351738540032
1213771540023500802
1213732600906305536
24912389
1160107833167364137
1213560269026123776
117539419
1213542431204896768
1213534738121515014
1903518961
21757073
2984357381
899010525136388097
1213250291409158145
2157180153
24869353
267325014
792326053880528896
1318678604
39335482
1213131843022671872
1213089606997950464
1131491727087493120
14285042
1212995966845874176
1212961542854959104
1212816227569061888
1426166090
2377592570
1171385602304020481
1190294157732012033
1135294728
1212715734033264643
2896696144
1206945301203951618
1212441547888680960
1212443913014763522
1212433034454061056
1212412164855566337
2367874856
1212153924473380864
1212110810635309056
1197184235922231296
943939019867590657
1211997954053046273
1211962756510806016
35466493
352322702
1211809724594712576
1211735908996632576
132632075
1211631996964724736
4874216463
184155299
1211366428298792961
1211349375764402176
1008823435882127360
3179621871
75262831
1133763595559407617
2710304835
1210987983303655425
273364486
1188553065575731201
1364351964
1210765478102065154
1210672473978654722
1210636221304705026
1204152787245969408
1200445711273398272
1210208862852268033
595525349
345581620
1322074860
1209941234556559361
702997780755775489
1209600752919994370
1138284240
39489505
1084468177621393409
1970669262
1144163355659296768
1209218218948276226
14256397
1208888933666447360
226678652
3024004948
42652271
1208672102108270592
4186082176
1208449570029613056
1169960360935403520
1208343848457506816
775084458743562240
1208170061879488513
1175440029080018944
1208026689730678786
1119098743523930113
195893717
247443199
133916709
1207276265386004480
1207547772125286400
1412743699
518348457
1069839625
4300120215
1126160928142180352
1207182759782998016
1201220661244551169
377173742
84639883
1029766189961109505
1215242737
949898287
902644802
1206873690320834560
714089228481740800
516636090
957387982524305411
1206481348510257152
1195962884741877760
1206703150264180737
1184390641666666497
4631479715
1206629933692473344
1135269991987732482
22628348
1206580268733255680
1206542957681238016
1206541223156158464
1206491789387075591
2420151791
3387578123
1204555886347333632
37178916
1185274244839759873
267238107
1028941616176869378
40735868
886757323032727552
954483770
1204021379844255744
1187375575171829760
948648094614376449
383441021
355049886
73694743
1205871096479801349
1184840106357788674
978902229515108353
930979804664414210
1205591223597240320
1205471202111885314
14112897
147013796
1205247095856402438
1061187571835912192
1203651071735939073
1205182647024132100
1204996263739035650
1199507618395512833
1200920085126434821
464143793
870706989898244096
2567855608
14383041
21389847
24533432
1068519909393481732
386731759
1204501822095970304
1190413644691116032
2282453770
1132705180598841344
1204364197271941121
1204336438994751488
1196976942911774720
907514267548692481
583148946
1273279082
1041281772640600064
1204106040838627328
2339468543
1204025881653600257
1024574197312446464
1204021603195068416
1204003161876451328
1204007325478084609
29787802
63118995
1203905517086740480
525291963
3366798526
781163397912100864
856822542375505920
26867885
1203456724910399488
340549419
332301777
824160598103588871
833314823685361664
1177682331567562753
1181953244098109441
1203102233757442055
1118409778349387776
1682822293
1177537984117321728
1202731722258964480
2890618239
1036964193591734274
1202579270037585920
1202558058293059584
14838167
1027005495532511232
1202336444028731392
83831809
862217357632131072
1125686619745472515
1659343855
746177006
2916362945
357027087
386759700
156005263
2349618623
2334250672
1180905814971834370
1310149830
341484165
1200213938677469191
1171761988697042944
53924546
158882442
76585756
800285348261556224
1201620832361037824
1180189655830007810
111702288
30336576
1183031030644727810
914502616910041088
1173093690
756895303
21214570
1201436886184714240
1152295412432351237
270592028
957539562062073856
1085208116776652800
1201130629330550784
1201088529150951424
1172240008943755269
311430958
1201062847784071169
82151096
3750407002
2388605116
1163510468
1537133748
720665850
351177082
1199404219255668736
741696705649905668
928624352320544768
1150167314060500992
1200484028396310528
593960829
536118790
33855033
152734851
1200101444726251520
1170140292722200576
1200056436534992897
1200048280891281408
1187457731361476614
1090530399003033601
1200023454004723712
1199999752848494594
1181695633679360000
1183089598542602241
122949302
1199894083382267904
1442022462
1011676309129293824
1126184454781845504
894972521627496455
14517650
77260044
1199723536551731206
4897874063
76983890
838753427207380992
1189874725
2201633908
1199676434341662722
95381088
1199633754727337984
26535259
1199621706748481536
2337781201
221086691
498964808
1192139116563042304
2281495139
249302490
1376421620
1199457597818114048
1199388037920280577
2980856620
1059947583026749440
94326189
1199254968039030784
349298726
251556687
1199218431628845056
1199207664825389056
1199178774845235200
1198775492414980096
1199109829614288896
1198981709800325121
1198977295060471808
1198953882749194241
196085213
366993071
1198902919975837696
18304333
32934779
1196894929575915525
34232243
1198682415826386944
726475930835755008
2506171157
1198366960834269184
1198363941514162176
1198287423484108800
1080156611954597888
827799606
1198263211809820673
2654194635
1198244882890014720
948666545923817472
1198045825428938753
1114567011047235589
2392634521
1197808662665928704
1197759609357901829
1197756959077883904
1196495771992035329
1609142119
1197658907252068353
1000127217672781824
1197614785313038337
177672286
1151111068342804480
1197558752024641538
1197523044144754688
18971330
1000509913708318720
315963019
66416391
1197439432628088832
1197427958308311040
1140010004214403073
20882045
1197140833742606338
499606024
2187490305
54134717
964136864528691200
1090352983110504449
907722318461456391
1196876554078474243
735102566095282176
1196801465014259712
1196780766274949122
1196777043335221249
1070357006610034688
1196696671868112897
2902340362
1196527020680896512
1196491657937637378
1196475638988849153
1182416131224670210
1196397044245684225
4506547461
3098056342
64501931
1128586414176768000
1196149783917998081
1196114735663587328
278021854
794954737745534977
1195863555008061442
49304155
47900772
1195683786891124736
897001248
50263033
45223847
1195472682151763968
1194312862820392960
1195391974540546050
1195381428395134978
259388676
727405800168296448
1165382838407106560
1181603398363336708
877886524532109312
176754009
1195299815221010432
1195266369652219904
732670138646974465
743474666602401792
3142286044
39961857
1195099972313718784
4705984936
806159617743028224
150393941
2971519101
851351054
2881731712
404128466
1194931722653241344
1194920481591308288
1594702040
24451445
910535318
2526338188
1194720036088426496
1003745769243987968
1148656248159649793
1193616577503084544
781055332655198208
707157516766060545
1165385480160055300
4364405003
1002813630
45531852
1194563646636068865
21617138
1194513930573537280
983193705984258048
444129656
1192530808415956993
329099345
1194375415030337537
14282565
1194215031044476928
1194024244805611522
1193998600512122882
1193939291354935296
1162500518029250560
319713124
1314962262
1185671733472305152
1080504332947202048
726583410886586370
1349219221
1193528167987908608
1103297912086429696
1160217972188897281
1138082198488342528
1193477433661501440
2149771734
3710362401
1125414934131687425
1192119033295966210
522212150
189611627
3051288304
259257569
1135287798318161927
1151011864224178176
2713963796
1192768832881987584
1192753327504838658
29531118
1192351011538644992
845137532
1192553174281936896
1192479630701289472
1060102283185270785
1192178403191001089
1186724081565126658
872568533561085954
1182399145790902280
1192415725450932225
831795802397892609
1189222471251177473
1186346408208678912
1191842239632330757
3290942033
2850364968
18600343
1192126378184970240
931825428578426880
1270754148
4844971961
4731971843
1126403458272256000
114538069
1191826426221277184
3048170487
102926218
1045932521500921856
467668322
1509907334
85126315
28322976
1191535624832081920
1159344002107265025
4697363652
1190701373932949505
1191411835406372870
1074716688472510465
1191371025960841217
1191359715898535937
1191323100719263744
4030533496
1191234678214332416
1191121799720910849
1022079034572898304
74443835
1186576573023031296
1189084005070716928
292484280
3260900505
545312185
1187388616001163264
1071635901632008193
1191007590320418819
1190966423390228480
172780391
1190912185356226562
88150013
1190755237411401729
1190747238127087616
1190740839238176768
564788725
1190674624746606594
1190615747896184834
1083084483321049088
1190568310766788609
453496352
984389415983304704
918260937542586368
1190409776406159366
2775891832
1190327084918415366
1177224570220306433
1091728707818016768
286858211
153394773
3296667815
325418036
747287340
481171591
129320381
848533893393383424
367331970
1455189506
70916826
1189884172837498882
1189879340244307968
4782689258
2713171904
944602050
1189441387663638529
1189790406554345472
1189658746580094985
608240952
1189629527502274561
1728666128
477750245
1189553922970705923
235949903
1189516404854329345
476256959
1189473188738224129
93653454
1189456773008314368
1162270385120796674
1180945383826034699
1189301684213813248
1189291326560493569
1108836923211157509
3208738421
1189178751566827520
1019596223911809026
1623029527
1189145258564698112
1189091039040155649
23503071
1129838776862298114
1044470738718269440
1148635263960326144
1098221556742918145
928537923120697347
1188736534306086913
1068137804885037056
715565343750664192
1188527872669048832
1188757755424858113
43524776
2353058792
1192580323
1188522999613460480
906953891262103552
1115904790696005638
1188430615839989760
1188394940356878336
479808363
555921987
822515719736819712
1188350829029408770
961150107700858881
935317621
1187719532107960322
504215431
1187771368680673281
1188126666746400770
1032179061026643968
1135289990727053314
394328195
982160648954986496
1132989086669656064
2855451239
1187823787984732160
1007566995041259520
1185891239301918720
193684152
848992992
1187724409882189824
1187708328694210566
163206001
1187688104200720386
1187673227474231297
1186967404473147392
469664805
6769152
2363596432
817370159740489732
2953127843
29693587
775685426380214272
409971519
1186623439823687681
1185885650198978560
1187304702075179008
511676335
1371721200
1187271397598547969
31837449
216134118
720768898
1186728353052667904
769524067691073536
1493476639
1185441908291706885
370868457
1187012599789113344
1116243944545955840
2203045533
804198536
94125752
1157723042249957376
1186658065665482752
15278617
1162020475054301185
1186570172255133696
1176926629060386818
1655972862
1186306320229638144
1130490339154903040
1025861259198164992
1186046169220300800
1185990424713977857
173605089
1185943301922402304
866906167062257664
135788671
48351549
770395864439357441
314191056
1185668648905695232
2589242883
1185640477770551296
600899774
760266479262658561
2420645922
1185483755835875328
47580486
1184124581101133824
1185457677729701888
1185290496236773378
334115093
72121824
94538562
1185256833696632832
1168639069334790146
1147621855
160217703
810969955898425344
745605674441179136
1185141420815986688
592744632
206364440
2705413858
1184905278128562176
1180930359640428544
35203319
1184799170512719874
1184796801506955265
741794556115623936
1184721711016632320
1184706715905875968
1171471304928555008
1142758000853229569
2457627786
1176822247811702784
1183146210212958208
1184497333742002177
1184497744393752583
1184437975834386434
1184422449846411272
1184326449035173890
1184218182237769729
1184198766456430593
3127761894
1184099033465458690
1073189514619863041
919055155
26974318
1183966824158941184
1183466530241204231
1183903182956761089
934955425811845120
2744537867
1183848018606473217
1183845771621343232
813575403583442944
1183674333081866241
2983950316
3289780396
191484346
301885242
1172075303331598336
1183578007245672448
1183458471712346114
90917510
1183402138782916608
938497483612807169
1096706038089375749
1183344695029751808
1082651302818185217
1183276340289646592
1183180597306503173
1183119198869970944
1183050553980526592
984484133282963456
39965455
1182757145357508608
751718599329447936
1182699763281678336
71776171
1180486134444560385
33598805
22245605
118455532
1175123574325227521
1182563783253905410
1182561460121198592
1182546360681279488
466668649
1382972618
3182174459
2562963566
1182229140235259904
1182230392071495681
2520486221
1181621309555511296
1182201176235876353
1182180561814732800
1412951510
26089565
1181514938680057856
20583940
941402809370599430
3239524498
162318241
948658178249646080
1181942808179027974
1179231628649996288
1181917722864754688
1181914078744367104
1181889371936608256
1181867153772994561
1181839867208228865
37769503
1181735266509361155
14309834
1181681620270686208
1181685368808247296
1181675711716827136
1181670933649612801
1181647133952417794
584431966
3317320055
1181516371592695808
740103488252874752
1274553907
1181482012105986048
1525784168
1181321997181169669
1181278735565299712
1660969196
105499497
1181231652661542912
1181205937970909184
1181177482495610881
193630936
1181109953295196161
1181147594367655936
963761227297120257
533274334
1180968526762389504
889758548
1180940928841916417
1628960420
874950204579041280
362702785
417431582
1180910181955379200
996120594742685696
2579979084
1180813574207426560
1180810591969169408
92741624
26204702
961607835376332800
1059175285466284032
46084384
1180585101580738560
302832122
190160762
1180530384200720391
996436995181342725
1180410417933369344
3079704683
3699833236
1139180019362738176
506241203
933190604
1174711455276572674
42416546
1039316984
953120766
319216129
1180123364494585858
238705622
42846509
269948336
1180089999896780800
957167600
30622012
1180036802347962375
74432714
1179906357560037377
961256174
263349888
66779735
586818380
1179840969157627905
1179807081358151680
1179770716176211968
1179763526451245056
1105976227108712448
1179698631789727744
1174283591473348610
30417090
1179647494600441861
1179600179051274240
30844677
1179504242027106305
1148342051391647744
14431873
1179450576163213318
1179372188614443008
1179369973644500993
426637288
1179354641198399496
1179338426371497984
1179321032164958208
2837602707
1265507760
1179187223461339136
790130140315549696
1179139034259623940
847769665254432768
1179033959889457152
1179132410123948032
1176558802793127936
1164065309772451840
1179072962231754754
1178388498937712643
1179047531680063488
594007514
484054908
1178959432912375808
2573432129
1178839451222642693
1178799660678430720
1008041574880641026
1152674069155852291
1172967811951616002
1123572492168302593
1178722532641427459
1178721548007555074
1161587664228933632
1178660806046683136
991653492
1178596739403661312
225897790
1178423006370189313
4288554033
745231345
3041191605
1178340280036147200
1178334743697461248
1178317612238946304
243546842
1178298748386054145
56343598
3085019980
1096884265600667648
1134587565238050816
2521236903
470300878
1178064092134809603
1178050454426656768
1178044452314718208
1178024616666832898
21916755
860821030545313792
381702596
3071963388
707068018
1177821192113344512
1157987703457308672
266043181
1177724832831754245
236076665
1177668844636295168
1025144764793016320
2716573053
373887269
1175826150700081154
1177540187620020224
1163822804040421376
1177515062707146753
1694334824
1172999741967409152
1177330699910680596
122735744
951060765154463748
1126186732553216000
383656704
1018951071711088641
228315070
1176745383055245312
1177243618760937472
1176940821247135750
1055503344188514304
45136652
1177233250898665474
1177227482401054720
896162185
55731563
126290020
3170115249
1177193683785080832
1172515175372599296
1177144410573856768
1177156513665867778
31368630
82690175
403657398
1889976822
67253763
44591693
35382971
1176637473494974464
1069838192675827713
24755952
22185151
