1346920082732179458
1291059995698769921
746387604602499072
2421011009
635311274
1366785082200055808
1270402914616565761
2913896021
11534522
1269568732579467265
393310742
1363004761042223106
139396242
80386460
1293172552999763969
2521756624
603092058
1042856367994929152
709400891128987648
1360249008233537542
1361405234208268292
54003278
33659846
1325009929560875008
1365974800217300993
1354474100358598661
1358826665032486918
1364939998051598336
1361002362425516034
57607319
1065273492340441089
1217360622964367360
1295132184060272640
1365260076068581378
1365048800184795140
1002432956084912128
56099831
1325172194796859392
1360577307606454272
2468043644
804058230741762048
1353592545587163136
1341815052496642049
1326441198404456449
23413873
1324426485273427968
14619233
1352086882943979522
432760465
2376760786
1353176260302745607
1157551921974132736
1325013690815537152
4544702188
74264128
1050705849730158593
1174111224461692929
1347945607806246912
3089920956
920203000949497856
853996495942627329
377590012
124557522
1291908923994148864
1111319103795576832
26667326
1357054433784389636
1210330076136521731
143916677
1301599198761095171
29659136
1282263729040756736
2580326604
27722642
2170020167
3352607739
62677146
1351962029804937218
595497574
1041676671391133697
163425145
1351643690582814721
1345347271290925056
1362022506404708352
1135902579249033222
3308599215
14472772
537464587
1330166042144989187
708817798789595136
433283270
2789794699
1240303890786070528
1357247708554223616
317924313
1220702540976852992
1352280055360192512
1346920459019841536
1001073174354780161
1229109517918646273
1306536347776225281
1118904392126816261
1360690112657575940
1315396091756584961
1215149156
1287039653950951426
739180805474385920
1351953531603968001
1145717888755609600
550408595
1114905321724575744
1282377316270825472
950389765
4699519334
1135491406175395840
2188290457
1359107805257555969
1352370090461818881
1070033831271563264
1117191306525253635
1359148090893213696
1287045775281868800
791776796
937367000069869568
1265191191085297664
1135269991987732482
1358895613488861190
1370905866
1358172830211452931
1148577311790419969
1355190580935094274
1267724298179018752
1342922663728209921
987486896237568000
2821752660
1336850324380930049
1290025295538528257
1333802388784779267
3005413192
1263813247112753152
938705354
2528117577
30845119
2443920766
324814506
1318645292309401604
22471399
1352871315104030724
505132358
1357066768016150531
1342476511782330369
242422673
30917653
1685200442
603631153
1594939836
250087624
1239966756795539457
989463378
3824226575
390678487
1351987630565687305
3344047973
1047156133
1265498142667128832
1355703805359370245
2804477915
1112767685853671426
150621970
887368596
1170397507442085903
128572519
1023515177088675840
113354849
1017910182888792065
3261883329
1323582618215030786
16526849
307752452
1354417691151507457
23496732
3580752436
1027988761290919937
1354772527638323202
521292218
1346904308269391880
1292390851461685255
947927713804890113
1337667408027217921
882104763818627072
905672209036926976
473914976
1880634792
340601104
32482257
3197923426
370769022
779040090131685377
1085104797722791936
3408497729
1345509113401405443
1036560626842324993
1353681380736167936
1353624153312657409
1252258994946793473
810620192237715456
522400405
1348055494401921025
1383890976
1196491325237059584
1334615633191972866
1349707475478568961
766066458006810624
3126808498
1318989571670028288
802020350
1352351679149170688
215044244
738194076
2477466750
123217438
3423763019
1157732866438160386
1352226194645807106
161468223
1206933852733739009
1292036105165049863
115112830
303952513
1351980042256003073
1348706074254303233
1668336720
1346450969073217536
54134717
1056065223419924481
1192793547969310721
1347295592523984898
274107624
813854258756014080
594002485
1351564952826499078
247344806
1109952151885963264
1348270969140498433
1160284182716846080
1320371438642147328
1350448732043681794
425662850
110660765
1351197623156416516
716350571482112000
1346821184235700224
408662605
3163686962
1344737121769316359
2762204960
2569516659
1350173949796220933
1216235786
1350514007753564162
814572939253350400
586862153
1712566386
715571862588272640
342224410
2872519072
1900062326
1336748027042795521
1349658189369905152
1346506400252518400
1349895593871732739
1293959115316899840
1628757241
1349807423553495040
1326860924486103042
280926639
2421471966
1345555997474091013
341127623
1346010507241779201
1349463786013470721
1349451800848588800
1335623151087194116
623956741
1173740747021070336
14901627
412505067
1132987578951643136
1319356593159495685
1286720498269851648
1348686287969148930
1347909074285961219
1348459569534611462
437676188
1348594423467302915
1295584280962375681
1133808332458926080
729260931293822977
1348183521857310720
2967442469
54004168
82011891
1348010055237595136
1875914724
1347987135454973952
1081930035555115008
1347945576214704132
815323563142090753
1306889880690216960
74401155
918355140
1327993544708120576
333056322
1119495825258946562
3107638258
1343535271053242373
1347197841865908226
873622630263345155
1542910562
466712113
1343990558348505089
426109208
1333715688976953344
1347079392783183873
2969404583
1346978790145220613
1067573476184256512
1346974615311065089
1335898446142836737
22931488
953266545236545537
756221684940730368
486651484
1326826122345127936
1339710269312946177
14508555
1324118470984896512
464592134
342971374
1011994412
1314989565007081479
1345874004008177666
166732826
1327309665928175617
296494341
2796491576
1180018932108972032
1324809067047636992
1345252889510486018
877505073374515200
925384564587089920
1243154764327718913
1344647134046511104
492432585
49556496
711841442927386624
4889825511
253982809
1005525991945621505
1337447256740548612
1160463967111852033
839214584
1196158151021793280
933224144354779136
1329740797659504641
1291393399636004870
494038459
1335604188064206849
1339682412020830210
916711711
1325030236858298369
1282410028830515205
943572162186764288
1327313733295763457
14282524
1219328895364861954
67278972
1039840760395378689
1337064026472374272
959821597623320577
866876089
1131567815557898240
2474247447
1325136443501498370
1057616093227958277
950370166080135168
1855148022
1339348097743409154
1339315787211939840
2924636636
1339121711372001281
836459838293049344
1165321082259353603
1302257844847292416
2781715796
2157177769
1308147897146511360
1274698459954786304
540301044
1313925153575890945
941388744183242753
953889936025030661
1013652618
1832592872
1324664641952382976
1288223855488708608
1283697800769921024
1294248670993547264
2969419671
1325209616771280901
1333673407985147910
1115279742834499584
1337319010128588801
1213163950189117440
1331700087219695618
1337081826335223809
2301046823
1337008670908018689
1321427478972346371
393263994
1324725921019011072
853344719967055874
878117994467086340
1228718588967694336
1205654574205460481
958734087400968192
2177543188
1327421480657883138
1335937171925200932
717774036877623296
952664647458574337
1335907198170443776
1119137192071163905
1323829752550035458
1321858505628917761
1335195082249695233
1151954555053203461
1313775971296849921
1334743943947423744
1293622383660740613
1334866240007966721
4902698218
1147310114635943936
703842023808184320
1181321997181169669
2473784282
1694592770
1320397702111395841
18998300
2255321901
982751845922811912
1325170711158116352
741976783952695297
1324442542604255234
238193493
1000503711330791424
2733223407
22570250
705091994901745664
1272435071371358208
88001109
15034076
1252282656395575297
90663018
1078772368875630592
1124387479342264321
1011349572
1720099086
1267104400792784896
471142962
749114929
955781684
1143472532164661249
1294329264867880960
1321859043850412033
1275677377
173656874
1320673870463062018
1296044944038277123
1700044633
58331034
1319305269583749122
881498278092824576
421828480
1331661303392464898
1148589260628529153
1298319230618796037
1331300778389147648
1196461306712383490
18319334
2425612013
1216489949450637312
1330892617903726593
1279050714099126272
1327622776337932290
1329794334
1050077644459528192
1304909408724553733
727841587217223682
367900848
900020667722215425
3979258275
1323399350417063936
1055191015731224576
1731797970
459216816
1068991671826817024
1320763463409520640
1249080436388704262
1068994016363143169
1329933047475671044
2179102812
896147424821084160
14606990
1325158316901720066
1329836911855333378
1324409608237178881
2354399727
1194663363244109824
1329575356471402497
1043057922
719260461942861824
248673535
960272990754754562
1329356151868305409
567786318
1324064118962331649
18762686
855146960
1318862397998772224
1266535528368943105
1328808407227375616
1321794891530252288
534645239
1328679477120016386
1325164968912719879
1322781629472002049
44261627
561056629
1328441146327126022
1325114889753518082
1321785115652009984
1328163008355438596
1327987501529788418
977534508307308544
1231104552587399168
2294266685
1326222985490001921
790308428187041792
3399996551
3101619167
548525527
819516737678954496
402201060
1327261772533948419
1211834197
1323969052184895490
1230807463919747072
1305613832560148480
126650543
2291821925
1320444901545398272
902250039476711428
1317815001462296578
273555252
1325861912610017284
90475762
2429094059
1289605775833300993
1326604754894589953
70372722
1325199230508544001
1323366309732765696
3039114125
1292194574291566592
1017475147471769601
972612074
2812776498
2385586059
66651109
998990102549483525
933648137276874752
825588783311642624
515646095
1319178321779920896
3429450531
1325919984363696130
1324938481173409793
911673782410113024
244646590
80954924
1320216659177672707
1138218911416168449
130537734
2765408531
481881652
1098357444063965185
931509087434616833
1325472209641615360
454797771
1325404675554897921
1325347630558404609
2409662293
1325257614754713601
1325137127089217536
1325223005694418945
1325224506370220032
974975035520806912
1324503009389432843
739033251348631552
1325160741360594945
1218280439619760128
1325126416455901184
790130140315549696
134203390
2455399872
457550659
238610479
1324660644092780546
19535586
1240253907613474816
1220125934616969218
4818799414
378044517
3231871829
1300390303300546561
1324073691207127040
1323983746576560133
1026900098448588801
788073680152715266
1208796075441692674
1323922163095785473
1323888114515980289
795943957
22400558
1221754453600231424
1281275635856478209
1137833601914023938
23921250
1323182226926931968
2781766452
1323039412524097541
762738981305978880
1323005219307986945
1323016651026108416
1322966107368640513
1961270522
18344042
1322809809083813888
1125414934131687425
706608788074266624
1263041077210222593
1273232927371988992
1131296631859634181
1112705815729844228
871796701752938496
1226019422185443328
1186299117426958336
902084029440290816
1235316988773314563
808961485
1299191449939054594
1315977753049563137
19709540
1321058225639358469
26530119
1320269959533047808
4924029969
1175533243
78013336
729044071856144385
1082363860798058496
1872751682
1315323383605755905
1320017559857565699
1319919082431537152
1073579313587519488
57064417
1078657196790071297
1201470150626742273
1220749365100281856
919866611141611522
1010155648993153024
1266363574265327628
59488402
111984540
1316716533998071809
923980158868049920
1019680486833172480
1005735161437261824
2891389277
1269410462631964672
1318472107202838529
1110581600490848257
1318103071109664769
1312018365851066375
856529061597892609
837913386675490817
984741302851039232
714533786839609344
1104460334901981184
1261761315074433025
1215260626559406080
1317483221056094208
764793103102447621
1236475573326606336
97180996
944602050
1263763210395672579
1168798994904035328
844562487676719105
135462851
2432688368
2941544871
1310117634088857601
1404613250
1306192423035559939
268247505
1316289968164286464
2756454263
214227879
1315342502015229952
3314594303
1316032567167127552
1120662328163405825
1313047609754497024
20364569
1066796841788944386
1160940603796066304
1265733894567071748
1266866127545798657
480481761
341589941
1148175883527708672
1336364510
738141660840755200
1261738155079761922
1310013382955859969
1181897337372839936
1259140896253259778
2977151434
968926388
209121104
1245011728896753665
48101942
2780837036
257646412
1233736502263373824
1015238812128169986
1283181642576732161
131906210
33958948
258269139
1181840582169288704
84052760
258026952
1157368565609246721
1301095886139854848
1243863842
1161030548296368128
29950352
1302599882583273472
784843444518842372
1300448248977649666
880142584944918528
1311984165521424384
165167558
2470136607
898424585896329216
1306957674794430469
1012074668680011776
403285084
1309459346921848833
1252127025533530112
1311618490160295936
1103416757736345601
1301843882758545410
1263149342745034753
1000144345964646401
1301911593186406401
1311576901518077952
1383650898
28766654
1125479276336308225
470300878
2284280579
99916572
1076501682819923968
359268879
2830053288
712204423116824577
1302750950512308225
1182319702179291143
1309532333306007553
534219572
997906434745688064
73487150
251526711
1182420780577103872
1309821648330199040
1293220777966424064
6996932
1300705957970874368
1182844784005787648
1260625565809348608
2426569115
1068255852937793536
305141238
1308292028695040000
718977743
1307810126783483904
1304905983597187072
1213630833438838784
1296171548127244289
322845683
988483089767727107
184172188
375518355
1091781964561031169
1159452355559079941
1260648515191083008
1290371438822686723
45115018
1086003270517174272
1278759519280148481
183356975
3548222603
1292416080229662720
2251558594
1301598757419651079
1232653913557434368
1049344356845608961
944048623
612972910
4114844583
53328253
803159667618828289
356748329
2393560101
141744721
2466596618
944200460
1098187615432523776
1295429005781467137
1254472518251012096
874228487023972352
1142898794482323456
1296399934284075008
592962550
1036889502994841600
395700999
756650
1277917703609757696
1070356351992377344
1196729409866272768
1230746536742514689
4212374949
1237107566347456514
78280324
1149268621
1155933503663607811
1301599540542418954
253067596
1298853242525437956
871711593154981889
2577347119
1374379202
1271166141105389569
1269226496855625728
1300125175262912512
1674084422
2318670603
1299431946376839168
2725327558
1275235645645037569
806942606420824064
353841570
1290445750065860609
1298227861292285959
322492074
1255884669071110145
1676704381
51717663
1294554278951096320
1281971462656729088
567187078
1297831253085958144
1297868792018735105
28819395
394475638
2831667177
1287575425418276865
1296553283390246916
67568093
4832943611
1034436012620107778
2393916987
751207897
1078037362620485635
1294662682075893762
1259058478016012289
331612214
1090305283560214530
1274485183585169414
1280319597011484679
6706182
1288810719912304641
3082854989
1127281321
1200822744046358528
1294041867294838785
915846929808060416
729127914
737639258509447168
1080558808752103424
1292637461194182656
984424104844505089
1292815993077747712
1292878671615873028
2247014777
1134862140
3796501
554712531
2502825103
882236629733318657
1214649673933361154
842664961180684288
2332177049
1282203541797470208
26397905
1037015286
1146385611508637696
1726456393
210957439
1284185997652172800
945186981079904256
1119731960
1290651308442214408
959158733900218368
1284565849274290179
1936784208
1288257604112842753
990991473180119040
1601061084
1273870312640217089
1285534230328553472
942392026255036416
1285975338825199619
1288976873670815745
1279901237744467971
235337590
1106161291310366720
2835017656
1120980275532652548
72268080
1288078224275251201
3161381878
1288288809977819137
620392738
1287498522925899779
1001896210704273415
237475435
2225184694
467690981
1286693166150754306
1039476931215781889
1146147333333225474
1283737615041273856
1272750652024918016
953242848744394752
599680212
3022178259
1264156519
1267071633052897282
1282125029787009025
860861338070986752
1200875627475357697
1285148007957180416
1502897041
1195789950802911232
1270882382686666752
1284796952513777664
2246282670
1278760816184041473
205756837
439237346
881153305967292417
73611262
521586628
895246093314908161
1283317998720364544
1254386440940605444
242850964
1282983190387359745
1071398514389909504
1190983825284837377
704336377807314944
1271692193238061056
1279557091489910793
2895079737
2293888102
514422358
336440639
180692799
1169986791811747849
888516002887196672
992952453548175361
1281349462854701056
1266425158325219328
1281297017193594880
1459759950
1281155298351296512
2823643787
758980210620375041
1190556402605068289
1056787745320910849
1275457709702348800
1258108507078918144
935503356717686784
1279771154941726721
1229308505330458624
1027192472693338112
15872682
14420857
1235574111990165504
1275751948915027971
1273169171950505986
1279078776371109891
1194572505765289984
40935476
723862326923898880
1082495822
1086322283700989952
781770567653425152
1274117388200554497
3301268507
749284058958536704
45136652
1277168983809064960
2494378335
1276780682644258816
874759544945217537
953403510
832242385451102210
1880485578
2836113274
1268956203159339011
630328458
1216408615055233026
28112223
1273766098316464131
1265598313593737216
810165841077489664
4870140845
510199884
520670946
1683454964
964881747593834496
57458961
1894856984
4878925330
2994859653
897035900059832320
843556984670621696
1138838941547802635
14362078
1686076465
1521592680
4605691035
1242245663397724160
1245621923175780352
1264674869796634624
1038457667163967488
1270110914923114496
2162377251
3246306365
1269387561098772482
2870872531
1230610170650255378
1269349910610096130
845715848786563073
1256316274088517633
1255562159020478472
866906167062257664
2156965750
1250081711918067712
307424546
745699248356884480
14419039
1267856632844816384
705273616
1226426254116737024
1216423692693131267
603344266
763425176688132097
1152194043071356928
4869622019
1236091402720669699
484667106
919210753
1583773928
33003951
992113060914647040
232287235
1266411310453002241
68720276
1667434620
1266168586013466626
976153015051866112
1143809434638004226
276079576
2546144879
1064888976958504960
973886146727079936
1163477322
1100728332516278272
1264933723360935939
1265007840994955266
813129018694336512
215965331
1258562096511561729
1258746505831354375
1157384503989559297
1218268708960980992
797365038751318016
3045450129
1256337149097623552
113651795
595569219
1259788675254308864
775084458743562240
2565730372
28312207
3344193615
1252937001214644224
1230144009110278146
1194683335362170886
1262042681796165634
269941072
1223914683213721602
1195665430251286528
3306092783
1103283110312058882
1224971178001027072
1247274004626509826
1546344775
1260684258135375872
867762880816590848
930739818824380416
1260195931770806273
171211471
1260148955465355265
961135976
30203662
1251065081753931779
1259792848741978112
815302160
3299483476
1236936045058457600
2921098109
2586939154
1245027099171323904
1187352879612321798
1219261844096860160
843368866331971584
1045670733161140224
709410731410759681
1258149273096650758
510094369
1258121280106225664
1154931499625570304
1257957382090620928
1111285556418355202
56300269
1137778788866154496
3024701373
2955253275
14284697
708386671235100672
136240057
470090681
1163830488211083269
3153980344
1255158772198191106
206865918
126264044
897767104560103424
1167425823827288067
871917996
1246353758805778432
1232722220574793728
80535876
1047041915995267073
712599719
1245280305931583488
2185910650
870609785888092160
1157441488348942341
183834176
1246160822348513282
1244242810225729536
254161091
323699425
1228392124342788096
1236802159494270976
1100514397464731651
381026167
1209787954878668800
917302746096787456
1223324204646445056
1229037118179155969
1135802640393297920
63488963
1316674004
1118573235183017984
1016326604987957248
853751326974627840
1201606365665513474
997747819359428608
1226480023277834241
1242834501178396672
83385523
144954991
520742582
63430528
1252205165639282689
1175857019242328065
1065671009565581315
715250310948720640
266582331
1236003844917800962
1251106680231940096
985564504732979202
996468163557707778
940309792786141184
1012396165923508224
1175139314746953729
1104075239049347072
872872055187877889
923567834709549056
1061740089573892096
3413777752
1226184495629512709
797430152976334848
1190935510799278081
1182829163717316608
816969246479708160
1250010276549844994
821811147099832320
1239672019622518787
245032842
250703043
826493384244146176
715206991
1241502103488659458
195111711
3345399311
844450699689758720
1248904721232003072
276655392
985516032
253524696
2953039865
945870811
849941832033239041
1247629687947476994
1240708954080137216
1367573048
94364500
1337436505
785781990570139648
1225481385470832640
1245070230528888834
90298742
998210384
417470779
1244346069963718658
13349112
1243978285442387969
1243865525882695680
1242508746804396040
1089230248862978051
1238839839262457858
3099474670
1242924150156595201
953350927632732160
3213368226
1143112659711254528
23201723
315963019
1235524934954336261
226086207
879980506225537024
1235575480520249347
3261070824
1027493930840064000
1111510701695066112
1242505823009595395
1007630645533736960
338892251
1059821714417373186
1241731346181087232
915682964671025154
1238528268581601280
1237698272732512256
1230551438217998336
1241261615577812992
1238177008028454912
3145528726
1095237107235373056
1048290708371718144
2923598356
164872880
1570908751
1237354206438326272
1228984365545410565
1240581387968811009
4845595961
187960581
1238950116230299648
790606810583560197
148521383
1239596552752189440
3345350627
2345413936
807733166991671296
1232369464534093832
1229808872
151768781
1229673196191985664
1238927517031022592
1238916757915668480
1225317103949025280
1033705528218865665
1164910483398438912
67325432
1075157116468510720
961189284454764544
1238587193943371777
746281450757042176
4144594223
3120269976
945886505255473152
974010335958065152
472740215
2761944778
1223353316782022660
328994543
1237605521357598722
945497653709766656
1178928221158547457
1189884862364356610
1197231435888889856
2791474758
1226557471264854017
401888782
1218078298984587264
1147564932210352131
1036652855753678849
1212323402280620032
64539511
297457775
1234781465285726208
743474666602401792
1235983566921703430
1236018000697925635
1200518645312606214
957782968323530752
1223716013214257158
932878140770222080
1235266441127002112
24676909
199964098
740235362967097344
3094086417
1226095871659474944
1207332157586317315
320095560
3292949481
3172854382
3062711559
3794700442
1234118635775569921
1234054845792911361
734054286158639104
1233489252710846464
861224477891448832
2506283896
1173340108306755589
811315869984980992
1232742531621892096
930570161903501312
94118127
1185744950719328257
1232252180331159553
1232232406607892480
1181774890577387522
2279236485
338324594
3069573059
392159173
1231596858167975937
826917614
1230961035772858368
1186869855791828994
1218082707093303296
3160206087
1228975206909300736
1107760849056382977
10082522
22763383
934420573312122880
414125900
751935347865559040
388829242
877329212
1154328491221049345
1229508184261480449
3361000035
1132941889500585984
1022941585
1229860293431504902
461271143
2192977636
1229711605698617346
236551890
943925859353812993
1728666128
1164274450424107009
2992192096
81068536
1199457597818114048
1116243944545955840
1195683786891124736
983975456495063040
1013526407656497155
374003884
971741529319657472
1075837715348930561
1228305302916943875
39505623
3291871216
1220083746369671174
1226863013279535105
1225514743319945216
1112789911227285504
538239623
1227686528744382470
1211997954053046273
1227543028291772416
1227369275620495361
968497356487450624
1158483613878509568
31129038
1220747479811002373
316872584
1226968463232634880
826796526
869256786
1226472863378681857
992848376260694016
1214138850169118722
78436605
1177227692892196866
478132841
1566414434
931345838131089408
1200457441718218753
26976459
872084263268737024
28141471
1225397731725914114
934922527150825472
1217845247608336385
819798740
2438445969
1220826730736295936
1221904206451433475
752510809528471552
1007563401072128001
69817320
966792774
1224803659692814337
1224751110335815680
180050864
14285123
1224601338887245826
1108352285892063232
907192995585327104
1111700113846611969
1220191754793693185
1224277417138819072
1224013160845365250
2510957461
1223931121303523328
735102566095282176
414623003
2346587152
1124200669425086465
972576495637094401
1223162134068125696
1223179118763749376
2822731303
2274724234
1465740114
1222170034044358661
948277948154556418
1449669582
974108347
1221794486344470530
1094172301996818433
59447923
164528031
1126591081
579221819
1187062527257206786
4765482203
1094604983562133504
249315863
261635274
48293373
1217811446408646656
28333183
628309340
73103610
1326716731
1089583008275984384
104864699
1219993871494586369
66779438
1164179408141398025
1219374822452613120
1219284776068308994
398773045
1218953605748797443
916028440465289218
1139286173015334912
1081519459322548227
1172869128983654400
220307207
1216618303688527872
1184177888188346368
1212135811832897536
356728404
364373243
2166083812
1210892612774678529
193832580
793083923723083776
1216182778238328833
1019678210995388418
1215983462911561728
1079444710064865280
1196414113754296321
980391884953673728
1215253093295755265
102315256
1208916091566727168
1167949993795342336
1214907373481054209
1121715469134622720
178800001
354365598
1115568007185616897
31123630
521624306
1212132204546887680
29007302
1214262067219140609
1747182654
155588846
1548954534
2797840421
1092825723256098816
917711638433796096
3178613553
344506561
1214006693656350721
1208475889496985600
1185965645629923329
98170226
1211262138204839936
427669706
830158067044118529
563559770
1590564888
117539419
14508640
1903518961
1213434891175546881
1095460310503309312
1173943312677572608
1213283876275019778
2157180153
224302861
1318678604
1213147318674837504
240345029
1213089606997950464
1212479179578429440
267194536
3143927951
956185286
4888939120
1212816227569061888
730298336
1206945301203951618
1211673992215449601
1212441547888680960
343262646
1212443913014763522
38824229
2377592570
478349706
1212164658716536832
1186732523818225665
2572723906
1180905814971834370
1574689837
1211962756510806016
1211786630249373696
14727035
2469435761
55509128
792760530696110080
1211366428298792961
1205520354837442560
2766463113
196115443
1210962725318250498
2558767470
3158293945
1209413369763119105
1188553065575731201
1210765478102065154
1210695628969431041
1210673496558321665
1210540391273050114
1208547440405688321
1210356935964471298
1056639852748460032
595525349
1155894052346376193
345581620
1209941234556559361
28841390
1209381069302194176
1191371025960841217
2446684790
126699441
1208888933666447360
584283756
4801473016
1208084796041240577
1206481348510257152
1207394754759184392
1069839625
1186358695317389312
947633797151051777
1206703150264180737
3082346383
281707965
1206545601128796164
1382814794
1183089598542602241
1204555886347333632
1198768523943849985
1145997272343298048
1204021379844255744
948648094614376449
1184840106357788674
1084246800
1192139116563042304
1173395485526302721
137673795
254539503
1205208764011470853
1188810183830659072
1205182647024132100
2616856846
1200920085126434821
1204943420596330506
838753427207380992
1174375075262476290
1024574197312446464
1068519909393481732
993262330493448193
1204511419703726080
1204501822095970304
1190413644691116032
1182665906272559105
1127890457135124481
1182436642134675456
1115195673241182209
826523393730174977
907514267548692481
583148946
60924119
1204021603195068416
1204003161876451328
948658178249646080
2992981499
824160598103588871
1180189655830007810
2507783718
1181953244098109441
1194541207529017344
1003301428725800965
1160217972188897281
898151529345163265
1195703807042367488
1191234678214332416
1202673133616074752
1202558058293059584
951394910925705216
1027005495532511232
981603364478832640
1136154094828228608
551647462
156005263
1201931226220773377
341484165
1200213938677469191
53924546
1336769340
111702288
4260193702
1147109641190563840
1201433378697961472
1152295412432351237
1201220661244551169
1182938738017652736
1085208116776652800
3016685909
1899937987
1200603093978828800
1200461559941730310
17323262
1170711661038190592
1019311511112765445
1195962884741877760
1200051732543418368
1187457731361476614
1090530399003033601
1013213515782422528
1199987924516974592
1376421620
1011676309129293824
1189874725
395267671
234733773
573367480
1199150951942279169
1191842239632330757
1178672733573517312
3009677047
32934779
1521544244
1196894929575915525
2851059186
726475930835755008
2506171157
2201633908
346159597
1198366960834269184
827799606
823862887382917120
1198147009322143744
1197632048019759105
794954737745534977
150429138
1197808662665928704
1195634343802277888
148017049
498964808
2971519101
1197614785313038337
1178909377891356672
1151111068342804480
69388341
1088151287718395905
1181956047877136392
34896383
1197477089387204608
1000509913708318720
1045313983820050432
1197427958308311040
23934287
195268514
1197206521995780104
1197198701019779072
1197163191652036608
1197140833742606338
19938434
2187490305
895319416547811332
1152958815027040258
50446006
1196801465014259712
30853297
1196780710570450944
366116291
1196696671868112897
1196676990209863680
1196675150357377025
83633635
122949302
1196527020680896512
1196529922925309958
572688222
1167776711007752197
1025861259198164992
1180123364494585858
4506547461
26859563
1424799356
1128586414176768000
388881156
4704581863
1195740678137024514
829801141626142721
4640883377
1186576573023031296
4885614081
1082954560044445696
2416254799
1194312862820392960
1191916450564464640
1195381428395134978
727405800168296448
1165382838407106560
1181603398363336708
1195335800038277128
1195299815221010432
710908968370085888
1175123574325227521
1022017072488960000
2182168214
851351054
2881731712
1194920481591308288
1194913084772667392
498762630
1594702040
2526338188
1003745769243987968
1159764487928500224
4364405003
1194563646636068865
91955956
789643599289937920
1194356035831631878
2705210465
1194215031044476928
1194184427011821569
414655371
374740565
194119395
251724244
2463085982
1162500518029250560
176754009
1862757062
1192785575260119040
505714862
1185671733472305152
1080504332947202048
1007566995041259520
1193405416996257792
47412695
1163521462638120961
1192119033295966210
522212150
1193053625532272640
1566549691
635726120
1193075330715705344
1113429528972529666
1192449222932606977
1060102283185270785
1126403458272256000
1191697731951251457
3845134540
16140762
1191157344010461185
1189145258564698112
1281260875
1009329895363751936
1188757755424858113
1170068164157345792
1186967404473147392
4919532400
4823961148
966285601791148033
1186598741140213761
58821724
2801625496
1185978576430161922
1184721711016632320
1184099033465458690
1183845771621343232
1073189514619863041
1130447672
571109582
3337996762
1183504420576878592
1111388947727478784
1099178972238282752
1183180597306503173
283065026
16664974
747582373
1182744065315618819
1382972618
2562963566
2520486221
1179231628649996288
1288689385
1181634389878423553
1180585101580738560
67070886
872219102126931968
1181109953295196161
996120594742685696
1177224570220306433
4701637044
1179865757511028740
1164065309772451840
374638468
1176745383055245312
1178028243913494528
3085019980
1177834949921128448
609237542
890222994949369856
809335727381237760
1153749233410936832
1176407942750511106
1174228350107303936
1176456323292160001
739072939
962740465
1175790467218378753
1153417216630632452
1166054984217235457
1175003720695865344
1158819069275136000
717706717551804416
2501737030
1008788329578541056
826091790763687936
509109424
3050938552
1173937834769731584
606100480
602242618
1104745830374952960
3824549183
372936001
1170931327430004736
55816854
2809768957
376923523
1125877695475265539
114418399
1071003422940368897
1151840040013770753
2752650070
1172454850371739648
761152578818347008
196488255
1154328709341569024
2371895074
1631905856
401253347
569075852
1146925357825765376
161782584
4705358297
1146046495084482560
313569546
1038047924
1168858685151596545
1103635154562678790
830023212813733888
1060159897550118912
485324246
216362361
918671308598267905
2436308109
1158315682225885186
847181114485690368
819575703045832704
225006471
489456135
131588555
4085288933
842208979
222846335
1133293425468555264
188627219
1058459276686057473
1165708687115268096
187986274
1100531773644115970
782582539336740864
786686113490567169
1164244729057468416
23496135
962358579310231557
76973547
949405082256363526
1291229996
1170961259111616512
1088024747303206913
38896757
171009485
348323655
1107683338364600321
717782191
200892586
1134320466
1423777243
1090223520934739968
1514165125
958742964846645249
2482520099
1161956515445694465
1100840264523022336
1168511399120834560
1121299032297623552
1170063471909752832
1067875932185264129
1170000333915000833
1027228994809278466
1169847892401520643
15915182
1169676312124018689
49449801
1158299850573791233
1159456877832527877
1016013973752352769
1026168501051027458
796712285305798656
1169393400992456704
835949066
28361527
1147849331740938241
2584135669
4179613355
1165242689991917568
3433942599
27903991
434296491
1148974143813181441
1162243218550874112
356446821
1168388447230398464
2987674491
2371324794
848496867440820224
910408836829319168
1168187138271326208
1117869971630166016
1154393700837052417
2351195746
1167867390845173760
1123924334647697408
2331783766
77833843
996362321780932610
1151638525898633217
171868751
407994045
47377839
18186419
1102114451132690432
1163501125481455616
1149238855712825344
877714567
1075161588045414400
1073544833648738305
1613596825
17777764
1004815107241766913
1080575412374253570
1162659741765648385
31007362
3963506847
840280233664270336
955713001
1061004838497083392
389912061
1104255434
2849820397
1062041115937988608
925831294977822720
1165527686321754112
1129838776862298114
1165385480160055300
3082266894
934537601868066816
2361823541
1122719412065374208
1165193346605826055
1071915895
37237610
1029634611440242688
1158391984907837440
1046392712
1061584660625526784
1522375062
781433972161150976
814446676723253248
743103732
1164323073228775426
355043013
966463429098827777
987038060
1164172280748003329
1126759196471377920
554522726
2665499360
399362139
84036360
1157855329977327618
802964352
3071006507
27597711
1163158225786740743
913482962640891904
4892831177
1162823989733052417
915023106
2772725631
366993071
2386700429
891725665057333249
3044506148
337825216
1089237004959825923
68616656
1162074426399166464
3432817768
441608774
17136632
450611494
112648904
519260242
1161598426079014913
830472951942303744
125630304
1149735397242613761
368921507
1269935851
1161031823171956741
18683027
29133841
992800052
239001020
434409668
4527626896
1155480224798318592
1125469834106503182
20710975
1143776952479883264
1048010449567010818
1132732127861248000
33254531
158877952
801159913
1104690203111968768
98083336
342579593
83250378
503455592
1156517728766898176
26712474
1159883064329347072
814194008201240576
1131861045511958528
452360427
1087058006561435650
14649930
92627707
1091757990720491520
780794758167801856
1071381961548156929
1447166780
1159012019636453377
2268701309
301985452
1222885122
2326591779
2402989784
572084785
855390821901901828
2269308555
2882892249
2725068538
819578829421367300
179309186
1104069558200123392
112961251
2577886276
1156800938788761601
1125166979181088771
943700497403404290
523051551
278196502
1142842981268934656
1156300264070111233
1156294662757462018
815183585879662594
928357503196450818
1111404401074286592
48980316
1152942737592913921
1102138250645389312
3512693963
1151505734116528128
1154838112624922624
1134715667041726464
1155141034684375042
1109070956
120741773
320380842
1601886788
1153982580154351616
28859972
822798618507771904
2556921246
1150167314060500992
980218186988769281
748080191759650816
1152719850952908800
713000947149094912
1152638110892789760
1152295152658128901
105304442
169484806
4458013941
4854742851
749126493628985345
1151158418167799808
470534714
1148275012073398272
866330917
1080143174985760769
1148163917534965760
1151777747804536833
450840249
1016009734955196416
3587337442
1124235251654582273
2760206460
1150947094452158465
1149929623737765888
1149741845385289732
1039566454402834432
177917586
2167647329
1025668180814045189
1150122722544050176
35850145
797556904956456960
1149925635160231937
875598173049307137
258392324
2704540785
871805472965263360
1149031955490574344
1148916233317900291
1080930067205840896
388223562
485052885
1116965979794419713
2912864303
1148669880985640960
1148683009136181248
1148632156845105152
1102472245681799168
771236587
1147787147023474689
2600974059
1089264460169207808
1147536599275790336
1135600164784226304
475261863
1147230472197595136
2776296808
1122118731096829954
1147065861368426498
623600254
983480110937407488
1146875828854243330
833376271589601281
953748657190440961
1125120059809107968
2369525643
1122115574245597184
1125037147675930624
1145727674389860352
76057571
1115690092025143296
2885747164
28632717
2532762127
4183335316
234895333
1145342500451880960
1145339182832869378
1145298205430730753
39753655
959531138413887489
749530767101865984
2189531512
1144586149408714754
1144553277822033920
925822901454036993
2181839366
890537771286310912
1144342713795600385
826808012610355200
452225252
1010768298848456704
1139183810954825728
2331894030
539010491
1133781622485135361
1143170764906082304
544124300
584118654
1143423512348172288
1142709093951557632
310755004
1568549695
1122007934685335552
1139276113493069827
1138405347859795968
1142553619931324416
1005172699281358848
3166006900
1141222280539889665
87548487
1116734555984154624
2744754948
1142179276302835719
297946149
971443778627293185
329117658
31359870
1081650390150594560
100618857
1109053388782821377
1141418439623565312
975774003284586497
1034744264960483331
197874651
1141104457746407426
36314013
1045292948248834048
38131548
985898960601735168
320379383
1041720123181199360
1082291405677056001
1139230201953603584
1115903867403763714
3022144641
4862030014
1066042219587608576
371793163
1140548842917683200
1124769937304715264
1127351090779959301
887588932568985600
1139981213287047168
1139885838047862785
1139555570720149510
156690189
499440489
1310431430
95674836
464863889
1139249998997151744
1010229778866212865
828669740709183491
976850160822210561
1119227279731757057
2182945364
1137890983260172288
1138776571773444096
771240237104140288
2183844654
64441038
1138540488930340865
778940445770575873
1138431719806308352
112428297
19704288
1119941050343329792
986880633162141696
1137981191703945217
872923112488280068
1137799266674585600
22509417
576957403
2739656930
772753650586382336
93426368
1092177290593742848
1134689060918890496
1137354424626622464
1137301720818733056
3786166637
1130093694210781184
1137023451749855234
53865248
1136937220106067968
1114137614922260480
1124716942261149696
1136669860627394560
108617387
1136599457338970113
363594253
1655211722
290748669
1136376328591216641
1136370178009292802
1057793722719633408
301355849
1133020525410836480
1133852052185145350
1135996821766115329
105201437
1135919651529977856
1134851570670211072
1105942220669157376
3310956065
787738925725020160
39737006
724591922
1134489452502495233
1135639208545202176
1135626491600019456
972704804
1135606065977012227
1135601378657746944
19062442
999737351080497152
14296141
814815973664522240
920723140203991040
2618285823
1135287798318161927
1127452348127830016
1131908448462004224
1103323239244279815
1018495923045978113
3295174821
1119868098008485889
1132893267274731520
1079337161735000065
1064113310835109889
309842300
1561567855
457236161
1133467082916618240
376726353
1134122147268485122
2430237643
1049067207362338816
1091311406757150720
1132215047571353601
1134006493248991233
1133901659548114944
1133796069438099456
1010040728981000197
1131658567172403201
1133708368579911681
1009084299130400772
1133446788940292099
1132593659210338309
1128285206371237888
1076312792343498752
1131535597166878720
462751333
20133778
620029145
1007938011659718656
1133057310295756800
1132608693684588545
456481247
4882547464
772133206283935744
4702521071
1131918394834509824
1132685773793374208
1128726523282956288
1132639015398715392
3524994195
1040692860
1132572382365925382
903928713536049152
1128880985792229376
1033131185772392450
1132325420194516992
3630706755
2883782007
2171216833
1132004387033899008
174781068
1035851771665698816
1131867808726441984
1131676722645094400
1129753457580285952
1121827598378708992
1131618389187813376
832656568348921856
88200293
1131549787462017024
475789558
66107852
1131483953280495616
388856034
837397994114793472
1724032657
1129112765912834049
1130950269750190082
2319710780
1057935215161733120
1074782644603420673
25493722
30836786
219197115
1130485957545930753
292951831
1124299953667440645
1130302001408020480
597520117
874142942964920320
845565068343492609
2417022976
23573509
3177843389
1087451998373531650
1072597026418946048
1129711408915058688
1123697310653976579
102426118
1109522975169105920
1129404164499369986
1252993842
1444304809
973946010442649600
354582774
4831058236
1127943355655184384
1128936977066266626
758051020601757696
1198569144
1069665841476702208
873593740115443713
1061147579466047488
1122247138921078789
390575431
873880591
291163195
204974206
908247519926390784
1123703675795456002
1128204279259463680
1113000086651449345
926020605631254528
861325528808247300
1127510751361548289
1127939649081679872
66073037
1127872558764888065
1072729451480444929
68293948
178302209
3133749851
1127478952132476930
823007498063986688
919650017115287552
1127164493941886976
2524840318
442687307
1108345508916092930
576223899
493456530
61562843
1089814106473971713
1126935530250354688
1126709889953193984
1126792744146493440
1100469201901367298
1126529442174652417
48131674
1122778736498180096
917388577
1123222259546697729
756496574965047296
1246063724
1126393222782160897
1121384960164757505
1120775845302415360
1126199580822069248
882233205776154624
1093585218915700737
1126061692352442368
1105772451429081088
974372949548552192
1179639708
2151090538
1125676323253493760
875118901587304448
389655689
1124754403913760768
1122533796077817857
367158408
1125412365573529605
24882423
1106964338248744963
1125113334305566720
1089473293990748160
831344358
1125154793591386114
1125096839718612992
81662116
1123314107107692544
359394023
1001933357071118338
969264977877045249
138024574
2418251381
1102927193796239360
941083393
9278512
740979560112652288
37472278
396567622
1114050486892498945
1124251221919961088
79748689
1124220724674273280
1121037244905730048
38392006
1123235392893915138
1124026650734342145
176553760
1075804533694058496
1123886427857739776
466356335
547471859
620304984
1123651303018762241
796072774754246656
837387303580487680
541235370
1085218079636897793
445329548
1123304632611160066
1123277019683459073
28585391
1075822906201030656
280209422
3101281912
1080242558402551811
4353028877
21267710
347279065
4194110981
572623914
1122586517396951040
1122570954754936832
1120038111738777600
103951353
1122510418545659904
3912092236
1122407610517528576
14420527
1122241930367328256
1121514895013568512
1122204814627299328
885161887
1122045486968516608
1098161324197138433
1110993295562412033
1121815069724217345
3305985304
4916814394
790879650482364416
75666584
1070357006610034688
791096856
1121304616069664769
1121145156462313472
1043861096099192838
1068252586682261505
1117175534381862918
1109448509613359116
831008121170571264
1120978781190148099
1120951409934049281
1120733298320396290
908669832
2710346219
1120671437860278274
2428898757
4071028239
262263491
960795822840524800
1117476580765224960
26279118
93593613
1107273912990068736
1120049799598878721
4305640541
962172067
1119926786555555840
1085569341679128576
354449341
934568539
1107957293654700032
1002285233557917697
1119667771560878081
1119006235779530752
3291613239
460986234
807667488
1119207700385214469
1086361299028795392
1692087360
3176838112
437631677
2499874888
1116779367433031680
1118908050969116674
216063346
701493864
4917112673
18526589
4820900770
1117142907025338368
3143602649
14287958
2356350777
706997696
52702872
1115545332237180928
128658880
66093485
1118121570432704513
1098247319164727298
531276084
214376701
1117540894058659840
1091329232096190469
2319189697
528407930
1058534000854294529
1112450149039722498
1115614784920014848
152213286
1117007127950839808
340512225
365135068
283004929
546364353
811308440
1116805080240525312
1277564648
1085175384541401088
1015731654873243649
3148865662
1105894556661362689
1031912178306220033
927857079146242048
1116399613441925121
1116318872947372035
3416412838
1052598574175977472
1598443022
2236366143
4301029281
710091820143919105
67328151
3432838144
780920838
1115901666547699713
1940475312
1092605992343343104
4424864662
3392984075
2358236409
1107040128478916610
1108521676252303362
2410497541
40104646
64054094
984744922183069696
2413034978
464681347
448754213
712376576
1113901311131570179
516501257
1113876931659874304
1090356387673268227
17761062
896339184914444289
1110851830160846848
496007841
1113539527874949123
1105462016431538178
153375577
2898634873
4850028214
1106631379859787782
57621044
1105558438023741441
1107451448244068353
982386266540036096
1111375264846675968
312522956
1067987722126540800
214232922
1112898619198377984
1108753842936647680
975074665734590464
1070049241538674689
2360823684
1111909283816501248
1112260635482562560
35437706
245958269
377563873
786957469432049664
1109451268446130178
21853028
123604874
901861335356624896
1111203734770483202
180229242
2157243339
3368416294
1059077505229955073
1107715557812510720
2893296315
2737938910
52389460
1090582695745327104
916792579
1058415313274986499
893567495877033985
793870470173093888
1097959134954086400
262491156
986930424474632192
1091666050599583744
955781654907322368
721890672
1108872617333846016
966678495098175488
3296903193
703367970932826112
1095978945374244865
1207668632
1068127926376370177
343039909
1066250478508535808
960937704
1477764494
1109723727149916160
1052055744
817362600602308609
1089191064454512640
312269694
402293591
33474859
1109421579765772289
2196338746
2376753460
1000720889649000448
1087855419031199744
1059561202492362752
1105502221003833344
460931883
2437799525
721341119985004544
366484967
881866381586771969
869865725669912576
1105494472438267905
4185603340
2593221460
900624202071498752
134484105
1044584078652006400
1108796669729099776
1105493927686221829
740348173
963128695081730048
3305623517
167814226
2156821247
788111280083181568
1102862541573767168
35778100
1489312196
1107894184793522176
1104777746708869120
1676165065
117922391
1030091456617345024
2883847357
2915779703
191561358
803640598351622144
347336761
2875814424
90754037
2885409085
1953831805
1099057505433464833
622157305
1106499540662870016
1106902317373288453
557606130
18832030
1063807369115824128
199782915
1100984367491485699
1551650389
986599884341080066
971419639
895368774970486786
836249786
1106541448051064838
467709497
24365873
143015842
1430775114
1106207123980075008
17335237
920721958613999622
1105879015804555264
1099915070023315457
1099208000009572352
1105524869289136131
1105459307498360832
361425767
163924531
768426009465131008
897711858446200833
1083686338921152513
1105061684996124672
1725490818
1103421371542130689
192326972
347143436
1104747542460416000
1493405959
3016241886
1100257800410800128
375639548
856242873456619520
3228358437
893453795124023297
265565067
958433817072734210
1093442946140127233
401542924
923117484676386816
720222710
1078273490665570304
761945192
2898177489
1103639989680783362
755713103480881152
857199272860798976
1103233672680013824
14218692
1565944844
937362919922327552
1096801360639598593
44896803
1002448552499478529
2697989364
3953685856
2212279349
1102159628719271937
1046398236129255424
1102009695265611776
1030557263331819520
1079164385707339776
3307433186
921633350590361601
1092795370445377536
920975952246722560
941937754245562369
111280749
1091686140120391681
2606444596
3024004948
147030773
231419683
308473550
3307123367
248603646
1094368194133929984
1096467489268076546
14452811
1076446911031361536
368391850
707856125098590208
382637995
207240901
76932070
1119421249
1087799081009930246
1099103558425821186
1030889469182976000
954834377506254849
833364126
353029255
742285682
1098591482011938816
927145894633492480
1106007253
1098237773599948800
1097851453270618112
928958202548547584
1069673508463042565
375244616
61409778
125122949
893298017591316480
1075323119865421825
1047182660051914752
587317868
2759965988
84301091
3164923689
819839177596485632
971433462715514880
1097421229890383873
754095853
1097401093556973569
152916748
195130179
1073213771664031744
316719339
110416401
36677354
63138405
1097040076004048896
1015995372
890686047373414400
1090330376231370752
2710587670
220622213
482146132
1093646944390598657
939940849600868352
2700217567
30827412
1050055068077166592
1090023762609795077
357728782
1963052096
1090549218811486209
54832098
2727467639
1054125137769963520
442198175
992647203687682048
474923186
746798214339268609
724526790
1092572755277631488
1095037873206775808
856542957192826881
1094892666318438401
48260660
798846116
1075670701351292928
802547983418032128
115653482
65460298
775685426380214272
1094526595539369985
460600530
3183466228
1093276250603507712
1090233994925563904
926913660
334315068
781055332655198208
1064502443910795264
1618350368
394129541
1092309139966054400
171219938
42366319
823925778828161026
720981398153256960
1047341254823108608
237015904
1091490627857145863
18750941
2745830253
1068695648311132160
737669786646249472
20223894
3188235743
24039697
2923073535
4186029663
1091049668576972801
354926066
475108664
3035307387
2230430255
996306232439922688
84548590
987963304491520000
2498353574
1090342873734832134
136769512
2555643284
1073150909637689344
1086201141707374592
45093767
1068974897836318721
1642750849
957610148549160960
2952084729
2233590635
1085528059955023872
1089130778246762496
849706346
1932157609
3377892790
1357905061
849221797
955456516659859457
1079024221903380481
1088135421547159552
1961925738
902607582006784001
1080558241430544384
765456692
186404031
1086549578030215168
758018037916336133
1063061162709921792
742792774618058752
506705068
1087813201696296960
2425236420
1087722125190971393
1087284800153624576
879873889
1087034110332334085
1087486729379069954
4827987497
1083413442596388864
1087390235904880642
1082584005059457024
907291433136246785
1086752529369706497
1018951071711088641
2614190206
3741965722
33980385
997215390164975618
19061712
1085992587377422342
711458982
509046751
42106871
761148190901039104
1084710159203610624
901048718438346752
988318398475128832
246423794
1084879556824186880
2867104281
1084750323338625024
2417474743
1021149774538473472
89154650
171642174
3264830920
3017374346
2877988811
1083306288493285376
1063551846843854848
93221400
340597328
25140739
3397419309
266817681
1059886768630231042
2887053484
1691705582
1083231935940513792
1656461154
1083078311612465153
881994028891475969
1024392901470695424
1047827421351825409
1082630335433752576
1082403672062132224
2540697225
981089652261171200
1082577423416344578
3870269309
569172553
1080860309504643077
383984953
1081948609334202370
1081149591297449984
807138176
30247802
4887160905
806507014864175108
4812511828
34604621
632127554
712927582480633856
14226613
1680683574
849368671
1080205840299315208
44470485
836193752888803328
1078824874955685889
1003349760974249984
1415858882
1075126479145570305
2723942725
386983295
884727478887096322
980257358629818368
992118645768835074
2887831582
306441697
1078964652481150977
1074619779569410048
2941115770
732224578131533824
1078266348961177600
487604877
1336055702
949340646564880385
837082408977588224
1077597337508331531
1014300853883297792
909542417359044610
342016313
748615174689542144
790562139715080193
1076608196024905728
842103836726722562
1076029213319327744
14350767
3053997311
104182161
138458222
264033518
393454679
27620990
781552959402409984
2989169968
825935118
1067925003570696192
18770744
1073584919039873027
1071600314262933504
912190105288310784
1072909745131008002
1062775379805593600
3375473524
1069923015201357825
1046397224341639169
1072336748955557888
830067696838569984
68757451
3455077876
445725869
1071004524792434688
1068944421662670850
1006963434615918592
390028170
1038575072787816454
3333305530
1068944020947259393
1017462228960899072
2976450695
455851541
1066626315577671680
2347316701
3397282972
1055457363883409408
706215927021490176
2742717100
1070815303779713029
1070678755172077574
930834437725671424
1070638210236207109
2275626058
1067469772839890944
1514618690
1066673039562166273
924199367657050112
906457094563516416
2198653111
2744556667
240800975
2777735122
1060945760232071171
976143798807007232
1069265151298347011
357907523
118814811
100123385
2743155743
119385045
12648002
1068236905362481152
1064770866444214273
1068074388380164096
1067914807398019072
72346274
968883532562096129
1710951409
970746385623666688
114731668
1390359062
949471638
1061291125456166912
269860074
1037882247188238336
2435611364
18679186
1010917373438758912
1053745593951117317
114538069
63173854
217856290
129788686
1058302175489732608
914503805311623168
629612331
2188814262
979213423
169228183
998677308348170241
1060924155988770817
765153773903814656
1065158885290446848
1056524181230272513
2290545147
1176856724
797673
2949783945
1059793248292687874
19178884
58320994
1063972498721697795
18530203
3238832145
1064216449307291650
1362167413
714106074
205803448
2937434351
22378449
1063803970735534080
436293453
61773044
452848528
874227272802238466
894284359821398020
16930782
1585469940
733337764234694656
870431196257304576
350494623
1060976264708874242
859145160
204820853
4621643896
2158790633
3650798355
1054540044
28832149
787707333849776128
224866495
1049639342942109696
1062016391350501377
1049751754009694208
1061974028662067201
879032486482898944
122303250
575505555
4142895087
82526181
760862640516259840
74794958
1061383593090576384
1368503780
398069954
2297693471
1060865309081513984
97405818
36018369
160524002
111349682
1060760875789836288
1054085144309653504
58135366
4845977811
1060612675552600064
992291587878141952
39987122
1057733333571002368
1000721283515125760
66639921
1044645022862331909
1289540178
221000907
720636298
48276250
4502376021
2908036253
485724436
852494774
1001808802402979841
831105259401515009
973311878586871808
1059567697988673536
168758476
342838653
244565916
743028454417895424
32357319
479853089
326307259
1543436018
1059147585951277057
1059147751936667648
2845659112
29182651
1043462533502386177
431131479
874557702722211840
786518875
1057705054763925504
114043368
3301370439
1043650990413688837
497261595
1058474126967476224
994572025
1058693415578279936
3602796988
129939483
470073947
957831662
392319094
47305738
1058513567169810432
1006268330079150080
200878369
27123234
1049320968286605317
483724906
978213930043609088
716574023786868736
394550190
30347777
209332859
1054495347140186113
1034162018041966600
61821153
737913906442719233
1033471187769278471
4609618035
1110059059
1053689545085071365
2754513151
258738381
1051181380732968960
1057017990435233792
1050473500778090497
1053744397169373186
1056940698300223490
1054013982871306241
1056821581907927042
1055111926848589825
1053367782891511808
754466886
987334723
1050549486173466624
869655669112279041
586016122
21805864
2536458490
1055075523712307200
1056519615835226112
960108650089021443
104419764
155975466
1055451155889901568
3254245409
1030897488968994816
1020489726531440640
925349264695361536
3362904843
1055211547000274944
81148890
1055908611145261056
1055902986243846150
1050030507759525889
1055803818150105089
1055738008375361536
49385850
1052934803216101378
1054958438357311489
1055616577180188674
409084047
1054599232055840769
820993478620573696
1009196338851057666
1055051722803109888
934044571654377472
917974298345771008
1052825358750253058
155621007
999333545339371520
729964258008666112
257635819
1054958163169034241
1030173384364228609
1004766241180061701
38642788
1054298517798350848
429719434
4777572676
1054342785694920704
341807271
174796734
2761192066
1049603457647300608
1053986654514569219
1035159538201178112
943905877
281582201
341112227
951166886
941334106692038656
277113392
1021515659052810242
1053618057308987392
1052927700816539648
148492153
1053563220366110720
1049339666745511936
1034419091216498688
2162710837
1044688881013141504
867064850081472512
1046849684994707456
112277972
3716122997
549948120
1052480284044738561
782023013243977728
2853781833
610883570
2654420605
1052512932175712256
2741152709
1052508979023175680
2148525303
3999629533
926258631091376128
245736917
1024238148086312960
1052230017244127232
32034371
61528214
3091193194
1052166448691470337
1052164803664461824
1052165480428032000
1051277445372887040
1630781682
1003641450175877120
1052010607594098688
3900584913
1051918948613144577
1051876250439077888
1010516679665836032
1050997845833277440
791595791731261440
63685435
2227609965
1051531637698293765
606605354
975800002978156544
30234323
58053761
1051397547846184961
2952758232
1007575445699682305
947089709356011523
1051167550531358720
1051149390965104640
1007977755466715136
1050888198895935488
65624628
1025487498762493954
1050752713649205250
2940719748
1050482459668819968
1048976823340679168
1040645218884902919
923829798513889280
3289257525
1050438920742289409
38415592
1050052796601565184
2834456397
932603165781962753
2410522577
2744664236
188268799
1047784770145587202
976846950988382208
1049946076403380225
874305909555699713
2376200777
974940929260965888
799227733792460800
284404526
195865207
1048523739254722560
1049409522031321089
813820184997822466
2680213627
3889768415
1047555919301791748
3010527461
386728182
1019270407243927552
3138777862
131611800
1048835097808572417
1048493507449634817
1027617863279026176
1033148533954764800
839171227
36657837
986624731116920835
1048243078014947330
58286115
181260289
883380587754663936
740888375373275136
1034952626
201813686
1047900245517127682
1043570612814393346
3237161493
1047797514932502528
1496305862
1047719082395623424
61784693
2465353155
847930262684094464
527756301
1047467592900890625
948326837146570752
883737404519186433
972182338053472259
1046466902745403393
27487696
750781779158634496
22542762
982490538
2370924022
95479001
1609105579
790283579129524224
151081965
2603130522
1039237706944049154
502739661
3002938715
1236399974
2921185275
1389623558
1046735509274406912
1032567001032613888
900262266662260737
905329755997667329
766496324
1046461696276140033
555355450
771698001261756416
1045986953018179585
595363596
1032313771325370369
1018151354467061761
923673583146201089
1025075737563484161
23080739
940686703253127170
1045580954650255371
3024644223
2745412481
1020209824209031168
1044955048214712322
2645220702
611052629
123722945
37921321
1045626124833820672
137979338
146725166
30234944
1045452887931916289
1042927640808759296
987326592832757760
49029569
1045034994387886080
1045267345919422464
1022850996299620354
2861695858
1044969046117163014
40713017
1004325827792834560
1044694840531996679
1044509677424381952
34916912
513091074
920181571222585344
624763855
815223035716194304
519661452
1044340299974217731
961308320358428672
879783524
1044251035039137792
1044279849660108800
2656778349
1044130392318636032
931569362
952841501956100096
1043938877759795200
1004109340813529088
575482277
1011939369354235904
983389512
412454578
227103458
897618258
1040149594238341120
1043491671965618176
2611654956
829401565379297281
1040471108040966144
938791169399631872
891752866410622976
1043240869648891910
47300662
21181539
906594201659428864
63104215
50303955
1042835344645869569
83809214
42397543
1042018044661440514
2316383115
1024324787143946242
1533539173
1042392684135100417
959367139294498816
577855398
1041936320963203072
1041437906588581888
915505474224705537
109595374
232930735
2642505577
819565486182723588
1041281772640600064
113623239
1027998724331585536
338544234
432798064
2281208834
1154677758
962528530834903040
192208586
1028151119007166464
3387336130
1040662340402913280
285323567
3438855297
1039201029882109952
221794148
1036627290929737728
1040402031276695552
1009233205365477376
28561647
516448886
1038753154760884224
1025826091
1040229953441353728
908054151652933633
1020404975862788096
481941928
1009030352587907072
747862543918563328
1039813774922932226
339226638
1031664042807631874
795383586727886853
1031538209854029824
1039515043493117952
151377115
198184204
863073687855149056
516581562
164031507
1039210391669235712
313403883
1011322454705344512
1039099003940552704
3290348265
1522174010
481401647
3620412142
1038508079204196352
1038318201782890498
1034384391764672513
1038456119994331136
37395949
44856023
1626858728
1036932304353079296
769829412426616832
1038131049606406144
937449122717732864
1038073663701110784
467858960
1017803992959717380
3297647489
704458170199052288
1037826394477219841
1014835401784258560
1037719989476892674
912849689443172353
1037692165173006337
1037665665983963137
846847048125165568
2494038180
1035207413241192448
995205171113324546
776153295626784768
248772914
297472158
1036990698921308160
869145499902902272
1036922883833049093
969156498906583040
30874472
1024221787553517568
226647880
1036662864101232640
359429559
1020666802681139200
1036519663159652352
2864829984
60126741
263430666
996645428883009536
263727579
741747198107357184
1035974504202346497
755124683880722433
1036267969536581633
1036227285609836544
926329653652000769
999214679120580608
3246079155
709824265714077697
828559686764941313
500337782
753989408739758082
1009573466327142400
553663442
2151471778
564190020
28186073
3122084780
1031662642396577792
896118764961488897
64992986
1035167611968004096
875644641827110914
977959754294231041
14405558
45548997
41989543
1034966531761954817
1034566006574919685
1034900936106409984
1032991045619998721
731735703881580544
1034449345612005376
1251637495
357376695
1034776798012297216
1034775955947102209
1034711566996918272
933311857720463362
1034523102791827457
1034426628745703426
1034504223445139456
2264558152
2877216123
1021070995669602305
3445004655
1023146567853858817
3027098266
1034117679962116097
178435327
980045516611506176
34221518
1866376962
16780632
274976900
865840614
936616260460273666
575723638
839807138
249076776
49672201
1033055702472904705
802652456882671616
948310365938618371
1031256824358400000
1032910564492824576
1032846666301427713
1006492407297396736
974761699457884165
342083689
39240294
1032624663690731521
41805859
502913465
1030225571329073152
980353706595094528
1032161172739567616
372256469
2905130434
2853359308
3095666381
4883007081
332391225
937945758095069184
1032293904996081664
1032283572592361472
2941833077
56334116
997608780
471882738
831156816994238465
541757488
1031884004230877184
44089129
265326856
1028959208820166656
1510205850
1031584641222889476
2756149841
3211640097
894290363023843330
621825227
3340980753
835696147373096960
3023886365
1031200545103593472
355452604
562761112
994911662787497984
1031034638167429122
2954558632
820873889844695040
775074240831815682
1029759870373904384
831553015484121088
32847779
415064800
2835912447
2746438582
789948979
14330265
1101523878
25980056
950661807676579840
106992021
983989400148332550
796348825636143104
75264120
1030123185147207680
3250881922
6523962
3130954499
2953299622
2483514799
1026085017024376832
1011785190576918528
1029850596868808707
1029828605822611456
768011345165967360
99811149
1029719945381376007
748787232446640128
367302518
944665123767177218
184790060
1420837926
1029073372603240459
1029255676181340161
1004614211920715782
753343573655973889
744508064674488321
180848211
1026902616046018565
1027107671500115968
84387532
926533159977652224
1112250199
434781314
1024420241064054785
1025071408693633024
1264954088
89445827
1023592994488901632
1158559993
347362048
1022257881318653953
349703996
770992260745953280
35562475
1528114063
961712056922591232
102140125
391243055
789379992681521152
1018600222950416385
1017782087678558209
4886926135
34258021
1016661983075225602
25861301
738051932447723520
1016322108006289408
49315180
1052536838
990374291932934145
388714433
3938454975
1004350026074722304
912941828932014080
1012289567901306880
1009104243767300097
338109856
794872842
1010258267161980928
1009923719861501960
859731287506124800
700411978691510272
887100564
1005088166242607104
78678780
2988392621
139075177
1006451373456744448
18561093
4419583576
2479075552
1000109498680467456
984094706593394690
989984175011835905
904805317447487488
999981533179105281
346717345
992372531024756736
999560456770654208
970729060631445504
757497998
702094643991879680
998947173575417861
329999041
998504899024506880
2332749664
972100867397705729
4876107863
1272399638
994331635628826624
993835521725132805
898274708118007809
4119392182
404281100
229152272
991413466262130690
955331344283979776
989445874177724416
979750511904739328
3044539497
990180817002516480
2180591288
990877672011063298
2183503967
990089952754061312
989975523618185221
858130341277700096
411518956
867821878697762816
3024326403
2762052235
732483294911045632
2164176075
987971356041072641
987669749546082304
987754857447809025
987074729633894401
968618837280256000
2297300073
2599947960
2886757726
986286814158835712
320683924
32556617
984102847624220672
2455789341
464701552
22375073
304628575
268724196
982476281777340417
408319714
825631443506307073
981430784266592256
982324909492883458
138035990
575537423
958248415900549120
4005528171
982215402062102529
51991673
982174459619454978
818083029407121408
981969083091517440
2402013709
153010836
873971846
2711501774
981849646829010944
973937004554719233
821954886
952494385287090177
976582664747667456
713504047827927040
968591915112333322
1603282212
981445128710709253
964669093
950338087309078529
981272278959820800
213218294
981178016071147520
489464641
323816619
3317635049
3618462495
980902764632002567
2386671199
980755932538916864
942737957798203393
980551951854264320
461073784
935902959237521414
806248636506107904
976922158197891074
23447434
904169368770228224
3374978405
2881114655
980182636776783877
980150385347350532
980098712239263746
979056586089009152
635498044
966195366109634567
932892433204965376
977164170645917697
28118398
2418099208
74437946
930891556478967809
965411795350540289
2720067664
978928958484951040
978923870559272961
4859932877
978867611017588736
557655500
4908930256
948264816258486273
394555079
375109526
728951025571352576
978672543690313729
948942203065421827
542801995
978062462586105857
978016474676809728
978177644800901120
16812392
30993861
978328907463188482
390091977
2958155986
4341645923
977243839982456832
106696240
846969809690603520
977701921392820225
204954184
37763253
4876298170
342820172
977090793524682752
977942200301572097
977693822049284097
973238651080597504
3884771807
356365585
932865871
925280470174224384
758090167899025408
299220637
38405292
2387680663
966720566316199936
977435012349026304
97636995
3097396955
827666631568396288
924779114694889472
976731620995629057
925834697900470272
977102578327674880
977081386963173376
977059962181554176
2689372872
450989511
464118576
342941724
976875113453969408
343575139
971703542691090434
476130335
556218179
866932866239913988
29738240
267902591
937253471266406400
26123794
759828464727887872
857088825331519493
4926850269
976199901200732160
966016958733996035
50400692
976537047589679104
973116035212685312
141333650
222147461
472890079
922123374117163008
28338751
140180643
3313782857
237622407
2434299307
573170633
976244354984669188
767475931
65804220
3675216015
273599410
976235738437210112
2996740368
1718755927
976226057509535744
590900558
2896604975
975747167829753856
915983817390936064
252656530
275076444
800424727063867392
760430005386174464
974020567895609344
264061615
955474624917188608
1596545360
954428758601224192
827088684503674881
57600505
865906191741984768
428243274
14113386
975427370063679488
728282260361904128
1865126370
975977374570483713
3124182328
178328345
34218311
37788958
422046696
280265675
975821830643691520
973853501511077889
57323552
459090524
352237673
971681707282894848
493312383
1459414855
975663651041497089
16652873
975597209151528961
2562601917
921529089961484288
207101057
2726209180
975027956765593606
975439427643281408
876787936045543425
142648302
47838707
803904010822569984
4493232562
356735669
974769925708541953
728049617040891904
27208529
1948595456
822314868002783232
975041725663207429
974968820938035200
26487307
560132908
15835837
222531330
259407059
943897950547316736
533106449
603129954
264203525
964228955250282496
1216000614
3685149495
974683087060824069
874736981179346944
968989647979319296
974576688595075073
950483136
2348086449
967853682699235329
974179736959283200
974493289524154368
555282125
4879506844
17775775
2987647647
926849342601875458
89276910
947148366533808129
337820771
41787407
3111552099
2809908354
467765931
171499897
974296887338684416
974280829198393345
495482157
1355229535
950327479885029377
759441160075083776
27845999
974219949119025152
82312919
972424249830006784
56658697
1624204550
390309634
14311109
480311883
1135238742
957245687367905280
971698295046361088
972547838226903040
973846258598236161
185989407
973631269337624576
911694488434823169
84165010
1666222861
27494431
442760015
872813105755148291
972050708521455616
972071698139897856
934153310570995715
973485408221892608
546929636
902279702479560708
2825304940
973318232563122176
752859401837576192
962771184533336066
304396932
933395900222885901
516847585
23765886
2829654811
915132251939262464
3344096729
972239609399738370
2941938976
973128445256495104
526444453
973135528970342400
4011899183
928233543322554373
904698235436064768
950737928250187776
61265518
791262203013980160
1550601715
221086691
1305657470
335445738
825011481976639489
1168749816
2471170090
887750346658983936
972900532271579136
37180563
972854078190637056
244155927
3050932572
4245387777
171608662
947618277949284353
2746174908
972805265992142848
1607793836
972762007131820032
927172130214694912
272167305
98919828
3230939196
972704555984150528
968266376308813824
971100013504925696
39816071
723999518488952832
3372932129
46734983
800532452
972485879997652992
971810117774663682
2726516297
557101543
1051494704
971723870469283841
972110569946927104
902102972
972029850046345217
971766676810289152
872843838431399936
917909101656596481
2939696138
2939492943
967841474221047810
971833166519504896
971703168492015616
971674342407983104
547852912
131777902
919960778001866752
971460842821742592
971410798936510464
971404007326535680
839417847860330496
969924448156516352
3420255549
3145274729
970732566302089216
89439062
970646991423377408
403552642
417796510
964072264030474240
937687122554867712
66323839
970240047848022016
67058961
970015466134691842
3344337761
926472876370354180
2708737178
933043592565805056
1521919405
967451101439111169
493934793
969372752540037122
377558738
981044641
38531177
267180999
968900886935240709
782685072
714190893893419013
730123599722500098
54529228
707637952361472001
69329236
968168983051587584
35693275
491231072
806993211692552193
854542183
964317687374491648
3922572736
931277271423504385
981183180
967101238461521920
50754960
2188081359
822504067897368577
2896696144
967169378629378049
1460594797
301315129
4892407750
383494527
111546762
2591703360
3515220803
966788540892958720
840686727605997570
966702876000169984
815185311638650880
872998283861348352
912137451803521024
2161680503
966346840194023424
2856117755
906524430444134402
737628440174661632
963875339788259328
2582180969
2195437909
965686271485112320
991381429
964643344654757889
810789728194822144
965616289539674113
965374789601890306
965354052300230656
30644104
42100093
928841013103271936
743562214964137985
875012905015672833
622826973
960509764827582464
858235482177667072
3036412084
943183948091478016
932232844658737152
855001376
961687772477247488
959552339551096833
876503372131708928
4069273517
409527237
964060153157967872
78058188
957002074453049344
1107536432
963841829249613824
963833626487123970
47979303
2577113966
571625509
373596037
37468929
959077163164200960
963409638417891329
1082257802
946355139518128128
77995359
945760045832302592
961682487826100224
960525045885014016
959921078159192065
2447472032
893860105007005697
193847910
928537286442090497
917347403375792128
3422679221
962682518867709954
471636308
962672184878616581
955812060998307840
952378078742724608
1562948443
749017329623764992
962243280502128640
481855581
2152198400
737951163237212160
961900624639086592
961883953845194752
3429236303
548345561
247799468
720589683093303296
961544819469357056
427445950
961388871085944832
960985007627137024
2731922178
961165256969072640
890663874478964737
412982153
961015616474959872
961008976027668481
959792993896226816
271505573
959729647557730304
960878850623328256
959763723895431170
2848019380
16466512
960685385172078592
960633026987352064
1452076134
3935125815
954331676951408640
960453974011928576
733604961410527232
260633966
33889949
959545316428140544
599448959
809108391410835456
956112360892174336
53916677
882083310
959776008814678016
891942147624230912
56307236
3025109208
866506147
959455287974465536
959361402610896896
907711012551446529
933274911468146689
959363546764148741
951039724273242112
40780363
959202710045319168
958630287935705088
303750270
478026444
958614962896801792
904309024761499648
1123148245
63618396
958753214836412416
939531230877495296
958654601535860736
2804795111
920191718053605376
25478519
956588451687694336
532512781
958344194262630400
958318965117341696
958337541912121344
958303199642955776
4159616873
767912803172814849
397412789
957953936081739776
4515359071
867458219047825408
955143604980285441
342775849
17017973
737196494860738560
957383168751030272
1853594994
901203612218654725
1088771191
955234770321137669
28330242
956984359462096897
2905166517
103322887
3972584608
931218853438337029
784026149374554112
484664840
952460242767540225
956623165790318592
955527310706388993
463710793
3234887313
946256434647486464
30832189
22902910
125721792
1418580990
956478698810695680
872814887847768064
941995248720535553
2984061989
956305553193623558
955479338278846465
956142664780533761
2148952219
955516870114856960
725779202260258818
955818636127690752
955722322614407170
454884098
796800474380902400
954188748526256128
930375944208113664
1247997787
51004605
722703824092274688
27963906
342361218
954273226699485184
954512131839455232
113736884
372294707
938054804877774848
110222525
949731519421132801
589323962
955101647088373761
955080509935292416
944691091059683328
575660311
946058488387653632
14616367
533093400
4588125621
862792062
757866714
869701713002999808
954780527474638854
1938142254
2584315034
4754295663
908403835
89657406
562009955
193574974
938248036727312386
954511949030723584
954411663167549440
954048889082056704
16259145
954381044416999425
953738830640795648
400359967
2766518307
76889387
2729511392
954304694331035649
869795347
954277928753352704
954233843854249984
609845178
170023589
953743737909325824
2848414198
183770525
954107286905065473
955314942
954071055638949888
257081852
251778698
953942608153325569
466360936
2797672888
1867929541
953741597241495554
953738085585575936
1368533078
920026655489486855
953651519865356288
949449185501351936
76564366
4906529068
4791275878
2751610160
52766152
713319078157488128
44350186
952201162668814337
62465897
763935534
824586751008210944
952204564521979906
953069070982762497
2284226135
953243893780316161
953222939134095361
1373038519
706147490769330177
274578952
953016595886104576
952998422327513089
952912850493767680
949440441547665408
950855404963147777
944358816925323265
93715989
949542822583177216
952777465293950976
302236132
952681590332776449
952670893578375168
952448386959073280
712793420
4472815773
949787348908363776
830349115477344256
3021540914
1357572792
1380476011
952239639678672901
368582199
189934883
44153380
952094505934704640
927095194054512641
4030198108
949160371838795776
136389915
154085982
951914202242875394
1199454427
951891652414771201
2838275255
951850851878006785
887515778
951794314639704065
3306859787
55186204
498130171
949297266527035397
951720822326128640
3027280475
951204320078426112
951477363665141760
1057843658
2499410652
22204631
1124835776
473361329
819130350202945537
2636574913
951380751001452545
625064719
3046308363
923201164841291777
950781502354227200
3482331987
37904694
950673078924791808
25555464
950494043095666688
827552754180771844
949994442274017281
949674293503451137
241281905
948563376422248448
947441501960855552
947220138629255170
2464322534
825897440
816642506884530176
633065062
940541924540284928
934799721050398720
939962378728374272
340398284
939940364697423872
1890725568
939818513472114688
939799471394836481
939705899198926849
704726674601025537
939590049636732930
931991766257078272
905787826599591936
533441218
939073264550404096
937064177419587585
102188160
175795518
938735174145200128
907317745880059904
938730061095677952
3137704410
3243553791
531294024
934061564495360000
1161642296
936990073102438400
73369709
1921108686
417296238
916739702170030080
725969622617432064
464013843
814664259166580736
29685339
52675259
1421609964
2856721762
928381529671258112
372241060
563717271
134931448
935527553263198209
21595307
762405321142853632
929783112934023169
387773164
23809428
242279777
3371223635
204276552
811165031261933568
218545497
1403589438
3635380221
535588922
935904025979088897
393627289
2810637526
935790224889827328
76999661
935591387281620992
394769873
932923776446205952
1244369456
934917590857773057
935171726614388736
934025598908993536
