1363186812563423236
3917261477
1364700145380696074
2468043644
1364697703209447425
1317411079157407745
1364624033845805064
1361771808442245120
1364568139548229635
2653486416
1116725577845702656
356748329
1363894505032843269
503516848
1364496131892379648
1364498141094027265
1364365227173830657
1364315456476237824
1364307332361027596
1364294918496260096
1355564854917083137
1347973708728721410
1364229347050213377
486730451
1407123246
1361612147797721093
1363496255628972035
1363982776710672385
1363978226578710528
1363956233607274496
1297212787438092290
1363922575051673600
1363905906434572297
1320100337928331271
1157551921974132736
1353176260302745607
1363799090925043712
1363796921148715013
1354458900473458690
1028018745472688128
1363774020093677569
1041653598722043905
1050705849730158593
1363642796712878085
1174111224461692929
1195326954859384832
1347945607806246912
1362855031888822273
920203000949497856
853996495942627329
1363527020194447365
1325557488226328579
1181854322415538176
27839294
1363292084199968770
1136759537183145985
2178643862
1361675172177182721
1235762290231840768
44325798
124557522
3126107762
1117819201
1095674892605886465
26667326
1363073947428921349
1346941048564625409
1322837361089273857
1238715899714121728
314486355
1362938235509501953
432760465
1165734558467334145
1362830576798101509
216305703
1002432956084912128
1301599198761095171
2427111730
377590012
1328560943828267011
107542707
1282263729040756736
1357789578724335618
31246300
2580326604
90269599
27722642
1360499842804559872
870181538352201729
935163975976747010
1349159153302966272
2376760786
1075488963496943617
103112918
1054709714607583232
76629432
21952867
1230369840982118400
1362006073784360961
1142885953461194753
1362384712065572867
933375940238958593
1362338809548050432
1362288733140246529
1362161102268858377
4789896694
1362151138120892417
1362141784541921287
1005751042942922752
1325919984363696130
745597742240641024
49599489
1228214065
1308366632369217536
276504884
1362041464017084421
1362022506404708352
1362001775415488513
1349778351809032197
1361993319790837760
1261035422110679050
14472772
1075019975763611649
1310510703724449792
1169003997874794497
1361780718184071168
2670233424
2531799731
1175121340279525378
1282752776586645506
3095407600
708817798789595136
1339935283442294784
1203730472674746373
1168488264329826304
1335602558539354115
1359591379480031234
2789794699
1361660032115433475
1349031523316621323
915280758310305792
1361475176165163014
1357247708554223616
3004472596
1361399412401004550
1361405234208268292
1229109517918646273
467220989
1889610650
2377786499
1361312914251120641
1357616110816923649
1358684224136634368
1361236556477059072
885954700134297600
1357288963652861954
1361082442304618496
1347962071267340288
1361040997061435394
2465164274
1361005930930987012
1361002362425516034
1001073174354780161
1027214034993602560
1083964484
974935135870246912
2289500566
21843587
1360742631425335303
1088977941445464064
1118904392126816261
1188497982817210368
1360031187914350595
1360665196767903746
1357810421995036673
1360619909185691648
237933616
739180805474385920
1140731427627163649
1360551197619462145
1360491376882892803
1360488035603910661
254553406
1359554372917743617
1360119101880950785
1081494680246935552
1360249008233537542
1093903702908383233
479555067
1121147503498412034
113581976
4699519334
1359986034080120839
1348733426149552128
1202693623902547971
1359933386131988481
2188290457
1359880172690890754
1351228687367237637
1359834018703884290
1359805854086815744
3076705175
1359798568291303424
1359107805257555969
1359765339848998912
1355872101962403846
946827035812474880
301019206
929634405685121025
1158520847763759104
1358098202088665090
1359456027796725764
1359481535435538434
1359283915740106752
340421463
1359257656347811841
732832997112729601
250815813
414184598
1339948750618435584
444409381
67120775
1359188421835714560
1419080684
1352392782506295296
1359148090893213696
14798989
4855751776
4878909562
1357689434519592960
3716005823
1355953576942645251
1359087044220375041
1265191191085297664
2455392525
397514681
1359039398164242434
54134717
1358648514381705217
898412278189400065
1358924668086988800
1358888414121259011
1358865499673796609
1358846295637712901
1918402040
1267724298179018752
1358693621160157191
2821752660
784797226556071936
309577982
1576243597
1213448463368642560
1358455713320820736
1358412112796729344
1336974137080864768
1150142437676978176
1336850324380930049
2722114437
1356470653508083712
14289765
3882427883
1003278240583241728
1288951182489198593
1511616164
1345347271290925056
938705354
1358096921425047552
852437151904092160
1358002133199634437
1357924195297079297
213250775
905134316669341696
1230434204674134016
698301249729523716
1357758280039358465
929387688863715328
1148577311790419969
1322115018
756555822533058560
81115036
1357660805043523584
836126296010797056
790058772
1353445378989821952
863633306
1357451517381533698
1019179247364132870
1357428597531754503
1335124283119558656
1300409256752164866
1357344329950326793
1357247695057006592
605495145
1356662236996108300
1357157997185761280
505132358
553615446
1347730847865122817
1355281914341552128
267677017
1290255232035889152
1357066768016150531
1320890686267400193
1357058139686907905
258965903
48812789
14069171
1356333280233201665
1356988145724755978
1356192423920234496
1356710390323949570
1285749609927778310
1356772341506793478
603631153
1356555481033007105
1356705248627286034
1356672546263949313
1300459705421230080
1239966756795539457
1356511325330018305
1356508695354634242
24874253
1354228141363965954
71101366
1356228839307964419
1355885281275228164
817090091755704320
1275445149586333697
1356215750768340993
989463378
1337053689744330758
1256730122314530816
1137542162311196672
1355970421250781191
1355853476228718592
1355854431682781186
82861055
33659846
906234968657063936
106402325
1278422912979132421
1265498142667128832
1355703805359370245
1211011737211682816
733595016732413952
1042482199839236096
1355646681191219205
1288047283356016640
1335539152906031104
875621263510650881
954093453209718785
391152669
1355544835017605125
1230216889311399938
2732653044
1349067622776778755
2788140609
1352642048734724106
1355484189408288772
1354521298953768967
1277329629964111872
1319987002608095232
150621970
804641780167770112
1355279401290764288
1290257264859852807
1355280174984671239
4914090589
950389765
774602577434578949
1355212171664355333
1355213829353959425
1354686468736880642
1355171219100856323
281589495
981875438275514368
1321430956755079174
1333698242756943872
1355109168802357251
3261883329
14047923
1323582618215030786
1355044757572083712
16526849
635673129
3979572867
1354808153490120706
1351617385002889219
307752452
1333993813837230082
1354872880287404033
1127163846257512448
749924920025645056
23496732
1354823773497659398
1027988761290919937
1354772527638323202
1354783612101685257
1354779179431170053
1353664003894083585
1347276879879929857
1354383634619314176
1353823626869530627
291229566
1346904308269391880
1354699584233205760
1292390851461685255
1354476159216607236
1228789986259959809
342095790
947927713804890113
957510136020389889
3423763019
1352178999733137413
1337667408027217921
882104763818627072
30919482
1354347575541903363
331128065
56078975
1354288867474616320
340601104
1353397495603277824
904254312
1599340106
1017569675192881153
243115725
3333305530
1341815052496642049
470359135
1330313306
3197923426
370769022
167049119
1076592751
1148347917113147394
1346868220368719872
1085104797722791936
1353811322253803520
1353785820008878085
27204427
1353624153312657409
1262510033285283840
1353290526892683265
122745796
876483910460256256
1113507482368868353
1324363103610523650
1252258994946793473
1353592545587163136
1340866617278779393
1268895367082409987
80942857
909380887091048450
1353426727838621697
1353445257569042432
1349709555345756165
1048858139637010432
838355187999834113
1352924200466579456
1353335409762312193
1352675389924110343
1198097979552477186
1351622182426836993
1287629796193841152
522400405
53922555
1091781964561031169
1047349844627656704
1304006909469614080
626469569
1348055494401921025
1383890976
1352678987257020418
1353085096870469634
1119091695193210881
785203490201239552
1353034630769893383
1353008024026284032
1334615633191972866
750645471799017472
1352967078052044800
790059680
1352960528130449408
1059743724
1352513217629724674
1351643690582814721
1333888062460485632
1352892850837598209
1352871315104030724
3126808498
1352740976859688960
1300038185314123776
1352641329445146625
815188041308446721
1325205330981056517
1352340163041652736
100081570
1268909928233697280
1351574535200514050
839106841
1352600099231322113
30861191
1352574477528399872
1312145396437856259
1265525870111993858
116390757
1352536644562382855
840274485848739842
993948012425641986
803573545209131008
215044244
1340435207170748417
141485687
1352411915717402626
1352391244996087809
1275527873152126977
1350426076456099842
298243809
787751739038507008
1352242287267483649
1352332285673144320
1449811910
1339941477309362176
1352281276930265089
1265918043944816642
1352261010736996354
838036121460305921
1157732866438160386
1352094195893329929
1351155699829583877
1311423232260669444
1352226194645807106
1351972058360651778
2789566120
1352204029426872321
1263950170485653511
962237606
3315291220
1352186027293765635
1352184135465512961
1350069408199307264
1203819561302315008
2786896594
1352158497354477568
1351957584530599937
1246103435923070977
3276437870
1352046043563700225
1292036105165049863
1351161253608235019
3003545213
1352009375980912644
1351914355395350538
67407712
219300401
1352004247135645699
78840483
115112830
303952513
1351977924778479616
1351979095094136834
1351979089234685953
92739954
271099189
1351945412014448642
1351965993883545602
827517035819171840
4392598893
1093201348152176640
1348706074254303233
1668336720
1351953531603968001
1351956167791173632
1351956349597474830
1346450969073217536
516815297
1351954168077021187
1351950596887220225
1351945876126707713
1213828831896670211
1351936902769881088
1351933197437837314
2976037816
1136154094828228608
2853761805
1086307929836408832
1068581017831772163
1347699043925897217
274107624
1323896546123984897
1351679231764422657
1351671787910811651
1351655768643297281
960979469849780225
1511048018
927648826390990848
3031407838
395398062
68939598
381387621
1109952151885963264
2661270784
1348270969140498433
1088116834761625603
1351245965014036482
140190579
1351283094268096515
2908144576
1264144505172877312
110660765
871398796051312640
1112636000562565120
1103619226403782656
4415277022
1350965109850583046
716350571482112000
1351095476314124290
1350923167607508993
1246109378589032449
282360265
408662605
1344737121769316359
28305107
1350921629975662594
1350915695782092801
1103595972
1350906569802850310
2569516659
490616652
1349794616166543371
1350173949796220933
1333074296558776321
2427734329
1331399367748685827
2428687678
1348568373567901696
1074536224226988034
1348702984549638144
1330637604170194945
1350448732043681794
586862153
1347839568062672896
1130424165024952320
2369228079
1350333199633813504
1245491182450479111
1350210474923667456
1350202040656551938
1349186272552775683
1347254183112679424
1350162713356464128
1350056879465095177
1349958416761049089
512542833
418648964
1349997558203117568
1342744820473884673
1346506400252518400
1349895593871732739
851536379368673280
1293959115316899840
1347826159
1349832324649725952
2736685402
1349806120970448900
1347570926708207616
280926639
1163510468
1220412643644772353
4897452617
1349721735776641029
1345555997474091013
1349707475478568961
1234956228247330816
987698092521787392
341127623
1034754162834243584
1213645604812754946
1051194260635172866
1208561296138002432
1349637008625438720
30678170
254450880
1349451800848588800
890691071570849792
1349463786013470721
1335623151087194116
852579604506312705
1347967228470325250
1349362627911290880
2620231523
1325759003356520449
445121803
87265120
1169353370026594304
781456585
2968730493
1348687541407526912
767641248480030721
2896704166
1173740747021070336
1349145030167064576
330992583
1226023686
2912593894
1349069343280287745
412505067
1276865342560702465
1348956314320445440
1348995620036608001
1348984302990733313
1292012863268233217
1348017597623762946
1348888217353904128
1348889608889708545
1318264344103321601
787161774
142246688
395839776
734933868
23068007
1348734077722128384
963949666516848640
1347909074285961219
1348702474417401860
1348657486736338946
1346792828777721856
437676188
1259054737552560129
1348594423467302915
1348586110423805952
744012748930031617
1348540712233611265
2716767383
1348354664794906630
3042191697
1345770156077830145
757866489450000384
1343926482272399360
1348281740796833792
1252292208285360128
1348241745717448704
1346933382555570176
54004168
2967442469
1263813247112753152
1348197301186134016
2389309784
1348181277892087809
1343824482012594176
1045379791770267648
82011891
1345705790703689728
1348068940082245634
1346241645998727169
830176944088109056
39267152
1875914724
1348007388188700680
1348006879688011778
34556256
1347999949640912897
3079383862
1347991221189419015
1347986689491402756
1081930035555115008
27005588
1347970970389258240
1347969566966747136
1347968559041961984
1347465895879315457
4883952964
1009431859
1347922856752119813
714712450436829184
1347912689083961345
1347894588586020866
1102114451132690432
735464473
3347459873
1347860641089007616
1347235767018524673
816670745413750788
1144719143423348736
175317547
1347031072706617344
1074772415220252672
716614880
1347793921028595712
815323563142090753
60835715
1323776043036168193
1347691787578699776
1347682893448019975
1346901399871889413
1347669022016471040
1347549525423108098
1042531454
521462185
1347599389301354497
42475183
1347592936452718592
738713496
1324374883770470401
23809544
1474396332
9103182
818927250284433412
1268224480939311109
1347511316144123910
1325139853823127554
1306889880690216960
1346937704186048512
1347360815834406922
1347314129938374660
4915294463
1347295592523984898
28141471
1347241679435214855
1119495825258946562
1238142307557347332
1347256376079380489
1347263430407954433
1347256326334902272
1347253683369766913
1056065223419924481
1346924649356124162
1313101936267268102
1347224794220138498
1318284316774903809
45364138
1347195969088196609
1189261231665897473
93897488
1347186334012731392
1347179812968927232
174332655
2149427571
873622630263345155
1347094098470203397
1346931998338777089
1333715688976953344
1343990558348505089
1136263218689642497
91782069
1347105813500932096
1347106635190304768
127359318
1383174865
1347087723140669440
1177902625280466947
1346987119001141249
1067573476184256512
1346978790145220613
940949630
1346947679947956224
1346302042919342080
1346959614181584899
223073796
1335898446142836737
1346952317921337344
14557760
37245376
1346949373662412810
1346913956825358337
3384562234
1346936852658466816
1346946619892236290
1346946889883799554
1591143062
1346944571201052673
3399757851
1346943895482101762
1346936749608595458
1346939703807897602
36164915
1346943052577964035
4600423048
1346940231078047744
22931488
1346934757381312520
1346936090834460673
1346937187166789633
18670185
1346919379246542852
39029183
1346933282655637511
953266545236545537
914745271
1346931560394747904
110532061
1346933122789736451
46686359
1346926339094319105
22347387
1346931984795373568
527868160
1346930757147783171
1255513283559395334
1346929098946441216
1346927459552399366
1520153232
1380563618
354279611
1346924292928364554
1343545629021245442
1346923713409769478
1346923056481136641
1346925248596336650
1346919532707913739
92617944
1346921924522352642
1346919745816293376
216678360
1346919881610989568
1346918728613638144
1346914699095515138
1346917231612071943
1346917015794184194
1346914973872779265
1346913491798646790
242511885
1346903949597675529
1294320156534018049
1346901863728377858
407225531
1346850685434949633
1338589623606505475
992825818379444225
486651484
90206710
1038196495
1315968947523596291
1325135147105054720
287283603
1324118470984896512
1344976638308708355
3027163901
883538028626661380
1346404099508621312
832607711489642496
163581474
1346203051774906371
815220976392830976
32473149
1011994412
1345690501140328453
1312989900355129344
1223966867930435586
1326627815928815616
1346092351530397696
2419063065
1345459590696206346
141339615
1346006846616829952
1345974796539064322
1237785485696696320
1080584770415939587
1345836520536727553
166732826
1327309665928175617
816946548
1470739297
83797948
1329569347384315912
1206516926161342464
793927204879089664
1183847344854458368
1320371438642147328
1345486278649933830
1345496081359118337
386725048
1338912154980900866
1345441628807430144
1345433809802637313
1345415932903100418
814604960965021696
32997553
1345302395979493376
1345262196721405953
1345252889510486018
1343130316198846467
635694761
877505073374515200
1343932353782173698
1318592060593668096
1345000041799417857
1213902811160702976
4055986252
1344996726906777600
3292947217
2726464923
1241082883026169857
1729613232
1266837745915375616
1344776471890587651
1344672566036848642
492432585
1329740448701829122
2246289545
396846606
1010768298848456704
1344308387929063432
2425098259
39295320
1341826474924535808
1344226901762727937
1344207995568324608
119722825
76575975
823041618898915328
1707669258
1344024731134156804
1241810815
31385076
1005525991945621505
1343980355993427968
1343935284967301120
1090208064098258945
1343707765827645444
1049675490146099200
1343694146511527936
1258457964668760066
1343535271053242373
1112767685853671426
2185179080
965554689226915840
956087227511201793
1256046188366888961
1342881198037753856
1293179731022553088
1343221314727899136
1343194683372150785
494038459
167810009
1342922663728209921
51137168
939244551230906369
1244357192326819842
1342872476414595073
1342868300548759553
1293612907058606082
2791286700
1342653237711790085
2282453770
1241254137083412480
1342474946535165952
1342248839026237441
1341888895525519360
1182797824162971648
2990787441
1340831628399140865
1324783813369712640
1341575206893215745
251229715
1282410028830515205
1326860924486103042
1327313733295763457
1860019016
14282524
1341146909063454728
1325177974639849478
1332796669927297024
1341054934129762308
20424329
1341032179346882564
1341000151503089665
900706862928207873
1335604188064206849
1070747973636759552
933823463877496833
1214122100681633794
1213431548013244416
1340766241083023362
1338613835230535688
1120061658
3356449469
1340286245692424192
1340657144874622977
901490568060174336
1340630789000716289
1340539116296015872
2860842286
773626782
22144732
713941246998355968
1048270881124958209
1337064026472374272
1340309023351029761
949841788172464130
1131567815557898240
1338387050521911296
845170116283187200
1340002104883220480
29412026
1319727616824324098
1339956745385467906
1174932660428214272
14709695
1330291142567604231
114018407
702797993339195392
1339733930363277313
1339710269312946177
723938985337360384
1339671878592581633
41416432
1124690716620460036
1337021074341552129
1339569639614009344
1339532401140228096
1339467937158184960
1339315787211939840
1339270217806000130
1325030236858298369
1338601634348326912
1339121711372001281
1832592872
836459838293049344
826903875655434240
1283451086024646656
1165321082259353603
194869672
1311026516285886465
1329072687574966277
1934485416
1338877437078368256
1338852495079190529
2511812550
2781715796
1338626180111605760
838346983026921472
1338769841273131008
18683027
1308147897146511360
1274698459954786304
1338622720695799814
964784861331550209
61550645
1338574430528802816
1335916150790746114
1338513183674408963
1338512100340215809
1313925153575890945
1338483079992791041
1338474089464344577
1271821734417596416
170598617
1271839073720774656
1338344879429197824
1338299125096476674
1212714368
804058230741762048
1242168061676978177
1338247721271123969
1337878270499557377
806308651
393350230
1003020618227441669
1337894860452454404
1426248200
2445292230
426090841
1337963084686774274
1081522379535380480
1337789926725853188
1337790261854937090
1337788996492152832
1337773993777041408
1337748857250336768
1337382924740603908
1337744963388518400
1337734754486063104
1288223855488708608
1169333414
1337718109709463552
1337714657327525889
1337577540895076352
1325963476230045696
1283697800769921024
1337544975538663425
1294248670993547264
1337521942698610691
1323873509781753856
1337495544994951169
1065269850073747457
1337428386524897281
1317780789963182080
1333673407985147910
1337319010128588801
1337134759768698886
1618735471
1337107671288307712
779013038
1337081826335223809
3075948994
1333550549443162116
1655864840
1337008670908018689
161468223
1336970470948794368
1336956794699177985
823296370543128576
1191253045071564800
962528530834903040
1318863225803374593
1336786756612591618
1336646033313566720
878117994467086340
1313775971296849921
1032410214027354112
1241474754680422402
595680314
1336400543632162816
1284019390900580355
2970382924
1336362785358434307
2177543188
717774036877623296
482768521
1336112776855625730
2344710922
1336083678217326593
1336038764829958146
761918584100642816
990679960984739842
1335985325416591360
1335937171925200932
1335926965711360001
1335903978035564549
1335907198170443776
141883755
1335874543756382211
1165962440695263234
1323829752550035458
2218339727
1129535177355661313
1115610646731579392
126618015
1335715477977509888
804508860
1335674560017014788
987486896237568000
1331119338313674755
1335569248404582400
1335559167382319106
1154328491221049345
949674437170823168
1335386432039432193
1044206308151447552
1335352594936586242
1065990099891077120
1321858505628917761
1335319532962000904
1335285084505640963
478427286
1000066488936599553
1334995149491990530
21676105
1334946649416880130
1293622383660740613
1334866240007966721
1425602959
282804043
1168808821151739904
961217351990595584
1285952984334192640
1851996282
1324625090458374147
21477387
1334456565865312256
1394900022
1018415836439162880
1319974086274109440
1332412691768553473
1334400837041475584
1334388667071205378
1309226288964608000
1129492380242128897
1334253292478672897
1320397702111395841
18998300
92488675
1333407546976165889
741976783952695297
262849614
30077921
2733223407
1333811443993636864
1332599044250734592
1325170711158116352
1267376449813721088
134563920
1118506503265239042
1910325235
1858436972
1333705734891204610
22570250
1333622453705330688
923628365625659397
1077912359941931008
1325767091044102145
2521121788
88001109
1312316843152019457
15034076
614302476
1332432804563529728
1333066646563524611
1249006690202157058
1239857042384453632
63556896
1252650414459232257
1168177056145973250
1331700087219695618
1720099086
1543000230
1277305787099029506
471142962
749114929
1013487002304630784
3124888791
2860848099
1207215859619512320
3089711374
1332152378783653891
1322230629807902720
1321859043850412033
1332056350491283458
173656874
1042760238875779072
1326086131117645826
985463888882749440
1026842312196993024
421828480
1148589260628529153
1331558779104714752
1331540102212968448
1196461306712383490
1238895226825117702
1101985276929421314
1331322312008880132
1331287142228774912
1331257915534159880
26003916
1330799931515424769
1216489949450637312
1331043294361608192
1146407579523964928
866102430
125943095
1325172898227646464
1246262932968701953
1178573194648854528
1210895738613334017
1279036543433355265
1330892617903726593
1326826122345127936
1330880247529680900
1243153587292815360
1329794334
1330782192876855296
2476887427
213269611
1315766607034155014
1320993925994217472
1038851079834927110
2941127361
1330566502064529408
1330559219146383367
900020667722215425
1325822846581477376
755843862480814081
2337282808
1330502615684288513
1326431952321327105
1330461093689503749
1024444357234110465
808763900758028289
1330388330366836737
833221486999638016
1330333794696630274
1330334942753067016
2294266685
1329933047475671044
75753961
1330211036029460485
1330190857740447744
1324842274476478466
1068991671826817024
1101966203067793408
271036442
1249080436388704262
1330120139694612482
1068994016363143169
17486550
1330069342453641218
308754217
1317794233907105793
1272829001569128453
26772241
1329797804483612672
896147424821084160
14606990
1329879303354454021
1329854181046411270
1329856386101104643
1329487834668019719
1329740797659504641
1307916980624777218
1329710583034355713
1308724443028566016
1329686250727596033
454057836
1312799817945546754
1329575356471402497
1324820206007525383
1288026732
1329541655939133442
1329520310295687168
1329510901314150400
1043057922
1329476357290602498
1050077644459528192
1329442813206007816
459216816
3495295943
248673535
1329371259491266560
1329356151868305409
1120429425064120321
1148635263960326144
1329243048014991362
3342214096
1329186017258123266
1329181269381537792
567786318
1324663843113586693
1226891680646860801
1329096378069495809
866998160090173440
999876747393822722
2721314405
1329071878477025280
95396865
712891218599010305
517785486
729704781204344832
1329024471546654722
1213442750432985088
1054808845833396224
547865149
1291685809146363904
1328970544448999424
1328960018692132864
908283444916051968
1328894096367345665
556670638
1130202969604018178
1328808407227375616
1328608821045047297
1159122653501898753
1095032280
1328757197111783424
1270508600457400324
1315542874499543041
1328679477120016386
1315015004425519110
450890170
1328661389762830338
1328640114239680512
1322781629472002049
38918429
395152076
44261627
1328535955305877504
1328497409253642240
1263837437983408133
1387532882
1328438905281130496
1321785115652009984
1290455155943649283
346917085
1172240008943755269
1325728108096475137
920657291145285632
1325169336160407554
1328282646405926913
1328267530587295744
1325463582897807363
1292814777308213249
1684065007
1328094716630589446
1588365228
1328059217706618880
942007516703219713
180120990
1328035177927479297
58554071
475393896
1237690347209347072
1328020299053494273
1328003262159708160
1327985575681519617
1327982983341608966
1327968169332498432
1327695028576264194
1327914024286244864
1327768799483994114
1327747400933519361
1327722166977253377
1327714807966003203
1327717083073875968
1327685046904508418
539878043
1327668393462390784
3101619167
70752138
960212480243924993
1327584251429183489
307800081
252955277
2779921017
3090596988
1327554136351649793
1319181609594179584
548525527
1253045765695569921
3183064893
1182350249165230083
874309354945736704
621293846
1327363610700550146
1327358002064723969
819516737678954496
1327349481927532545
1149386346185875456
1325158316901720066
1327326996335046657
1160666406230351874
3226813930
734257040093253632
1327267932175536129
1327266369780523012
1139800867203362821
2909364627
1849196858
1098247408545341440
1313102964240850945
1318542763802099713
1276583952086687748
1327196853931270144
1230807463919747072
1050886385186557953
1305613832560148480
402201060
1327157344736862211
1109102594612477955
1189981735804637185
1326971221666385921
1327141617527107586
2291821925
1324735558283894784
1257017823781625873
1327015815078694918
902250039476711428
1320444901545398272
26769482
1250345609774522368
1246099888892452864
1317815001462296578
1320030964882472962
193714470
273555252
633728179
1326946069683576833
1237298180934557697
1326929570344394752
1326919325559754753
1326908815707693056
1189262055037116417
1326879704041873410
1324992154352148481
2429094059
2157177769
626714604
895357825098100736
1326688444517658625
1326672782336413699
2714155362
1022363818335367168
86390309
1244387969626185730
1302891960416571392
1309038840695459841
1071053863430447104
1230327263553630210
1326566259304108033
953350927632732160
1326550676026003457
1326546719782285316
4121797857
18979562
376789686
773099576039473152
1326477553641644033
2868876927
1326440132564688896
1326441198404456449
1326430490283438081
1322102179130474497
1325582693506158593
1326299824061353984
1142543621973037061
1325454708274835463
1292194574291566592
2354399727
1017475147471769601
972612074
1326273241137213441
1326272618274631681
1144519938603978754
1326261466543042560
279915212
1197668444
2812776498
1326232969439289344
1223660683834855424
1326231236734496768
1326216328450105346
825588783311642624
2231520057
1125452987525148672
3092432817
1154489860390080512
888248068344135680
1319178321779920896
1226753045951848448
1193026824844054528
800596853901312001
2402458007
515646095
2466446442
1325791984473284609
1325911982101450755
911673782410113024
1325895167006691335
1325559201125588992
244646590
1325371202865672193
1325105952761278466
1325825098134269953
1553877230
1266841930689851392
1280813522616815619
470505704
1267768056589234177
1288056831739191296
1098357444063965185
1325554452779110403
60904992
1325547667204796416
1325542127456165889
1325535487201849344
931509087434616833
1325509331626958856
1324053599698169858
1325482410180546561
1325489014439284736
1325490684057579521
367204110
1325331002928091136
340151186
1325475017778454532
2994094818
14290925
1123170986101227520
1325442144216166407
1325439263576616961
1324717034513584128
14325584
2651632535
1325404805565702144
1325404675554897921
1325199230508544001
1324671339156938753
1325388995635843072
923523630155403264
1312856303203749888
1325361491479040003
1324417815898710023
1308810439934070785
1224959882664796160
1325257614754713601
28612804
857529402044940288
1024022389
1325137127089217536
1274708209203384321
1325231458739425282
1325226625328410634
1325223005694418945
1325225029202808840
1325222718506229761
1325213175025950720
883412264312877056
1325206688811642880
1325198766870294528
30901935
1325194470464184320
34225776
1325178137915789315
1325180406321328128
1325175097926152193
1100375826292461568
1325173373505318912
1325166163542773761
1325164189850202113
1323662828218294273
1325169130740314113
1325165817168859136
1325126416455901184
1325069576799969280
1325135103740162048
1325156450587455489
1325156683727986688
1325142625565990912
1325132728916873216
1325144003256459264
2883135635
1325138939422732290
1324439034073124864
1325141878887518209
1320339563001319424
1325136941868781568
1325141220990087168
1286240142546677760
1325136977704886274
3078179835
787417834133549058
1138218911416168449
200998440
200641495
1325127815960948738
1325127073761914880
1325125593965342729
1325124506604613632
1325124996415418374
1305437108853764096
436778436
1325114595762180101
1325114609938915335
1323616987692544000
1325097460633571329
725655902
1325091906691473409
33489817
860039577943363584
1325020389995581442
94418016
1310255860145434625
1325005683847286786
1325001677724921856
1224783763412082688
134203390
1324886602754240513
1324868200874569728
41153942
929420086699593729
1026590962104102917
1324809067047636992
1083123187049811969
1324791760632139776
1324790487530852352
1324778096520822791
1324775677988655110
1316809534401384455
3051156230
1324728762966167553
307729449
1324684487238787073
1324660644092780546
50368939
261647351
1287045775281868800
1247205114101800960
982148467479920641
1229514724515237896
1324504528037830657
56130915
1324361824951742464
1324261281159925760
1039464996575608833
1313769155573751808
1132704158098837506
1324442542604255234
1324449089552003073
1324444398504083460
847022366576259072
1324442302807449602
18731262
1324439709096026118
152411999
1324425432742137856
1324420522705387528
1324406261052571649
77001875
1324393436527681538
1324396515616587783
1324384153845043200
3988550663
378044517
1324371840270274562
1324363058093973504
1324360837096787968
1324347995303936000
1323399350417063936
2354547316
1324250704668745733
3069533775
46059591
1261211465635299328
1324287985920212993
1156852356560146432
1324277297789239296
1324262633936199680
1324264346239815681
1324139871288594437
1127030407076163584
388279279
1299304969217114122
1324124189985558529
1324115798290501634
1324114282943074307
3864408201
87147637
1324105115264045056
1001442601
248119437
1324064118962331649
28793557
1324052118165168128
295924525
1324033520214462466
1309687214
1324006189877940224
812640918541074434
1323973497492824064
1323977328331005953
1323962616830664704
1026900098448588801
1323681375401238536
34029344
1323940332896161792
878754900229971969
1209435358062096384
1251591099803729920
1104186071816916992
1323919334390071296
1323909622823063552
814958157717979136
724554606
65716292
1323896268226207747
97180996
1323879582399909889
18538174
80843941
1323798675051761665
1323780599522463744
795943957
3231871829
1221754453600231424
1122237779201679360
1323749839801376768
1323735930461630464
1323733694612471809
1323713383611404289
1323384360649871360
1061277487894880257
1281275635856478209
1323685772747247622
1323668843089285125
1238041699412303872
849657616880062464
816917165068652544
1323575599869399040
1323573178363453440
23921250
1323508870069788678
1289605775833300993
813863896721268736
1296343365026557957
1277906172243251202
2781766452
1322997029975588865
1281972999437066240
1323016651026108416
138184763
1322989479737626624
1961270522
18344042
1009836371006099456
1700044633
29213729
960027342
380280198
1314927228602384385
44853514
917068665111089152
1290002276698984449
27738856
706608788074266624
871730290531737603
1306337073893462019
2841131651
945228552341000192
1286026676816814083
1322431926070890497
1257009029920022528
1322412325568131074
1322311900294762496
1322261846716534784
721890672
888408016323833856
1318645292309401604
1234764937022574592
1131296631859634181
945255579836207104
1023857188278812673
1184497280356900864
1469393424
1292417187907543042
1130041138885386240
1281021600477954049
871796701752938496
1151514722677772288
1311397484934168578
1320763463409520640
944436704
51055526
2320809361
1285495536007643136
1208531342608289792
1305194330156675079
939332841279770624
1321881245614264322
1321870442416820224
1251636320704835584
1186299117426958336
1321767176496418817
4914476686
902084029440290816
521111326
1321718402503843841
1301743594378792961
2884722664
1171848369167380482
861977588478218240
1321524460504158209
1046800877590384641
1317095371018063873
1299191449939054594
1321210579877531649
1321222839396147200
1321218117306122241
891359337695899648
1321192355018493952
1309592754150871041
1321162186807533570
146832319
1082996916663676928
3304531756
2684258170
1321058225639358469
1321047181554524160
149209162
1266740268180611072
1289058132526682112
285281256
905380201537953792
1320831070066135040
2385586059
1320813226137997312
1295699934952513536
340540811
1320696456047697921
1320673870463062018
804037478
1320453555250204672
425662850
1316072596702720007
1319376717849497605
1320414038619230208
856137516
4584270885
2971624654
600129890
828265269030244352
1320216659177672707
1320176861213822977
706238158736912384
1320119820868816896
749170730
1011145644
1315323383605755905
1320053686735949824
1320017559857565699
1320016050721853440
1320002959590252544
1319963356648886272
1017788809021394944
1319919082431537152
1319899127082266624
1170705600617037824
1319757152202952704
57064417
1319667981488672768
1167080494686560256
61565654
1314484336998191105
109210189
1319659431903244289
1319633299334221824
2549767543
1211415264627003392
1021156146818764800
120767536
1319415472547336192
1078657196790071297
3167575715
1319350090990059520
1319294862110248966
1319316433675890694
1307632853920907265
1319305269583749122
1319306740752670721
1010155648993153024
221209664
827924684780011520
1269057737708748801
1262188741071908867
1083439044124729349
1319047108507348992
1319040972773330945
1318712990238113795
1318976969766219785
1201470150626742273
111984540
1316716533998071809
286976997
123872083
923980158868049920
1486934942
1318677677323259906
1005735161437261824
41313247
1295636905577648128
1318595408113827840
2891389277
1318605730958725120
1318602394142461952
1318526732178231296
1318522525278785537
1318472107202838529
1318483256468295680
1239114335202545665
1110581600490848257
1318432419586990080
1311424212079390720
1318308697093845000
1318302963635453952
1003304151726649344
1318243153451864065
1317762531339980802
1318166480874278912
33065974
1318188301719883777
1318189834419294209
1206365593064148992
1318116433746853888
1192782411043659776
1317949124336037894
1226480023277834241
399595975
1312819269332279296
1317872727542431744
1317858973526200320
831546524
3089920956
1265734393437589504
984741302851039232
2941259787
1317595367685427200
1317587803266600960
376042833
1317562553292214273
1261761315074433025
391573698
1215260626559406080
1131216549103251456
764793103102447621
1317481355127697409
1831109293
223466827
1317374214865883136
941388744183242753
1236475573326606336
1317207189375811594
1317197719883186176
1317180494614855681
1242541815078805507
279484748
3163686962
193617866
1317046333266710528
1011349572
757923360244465664
1168798994904035328
1316835474913341456
2269433298
1316829730918858752
950983506695507969
1316714227948810242
1316657373570883584
977467499947134976
2578140331
1316495263498895361
1316486493754490881
135462851
782874264
2941544871
1316446518744887298
1306192423035559939
2426125644
1316328277313810432
1316321501336014853
2756454263
1316289968164286464
1268835323691270150
1242856040070332416
1316262741066289152
1102905484292567040
1316120919807492097
1316104269708365840
1316082904032849922
1309457602930237441
1316064240743182337
1316052020906930178
1316032567167127552
143916677
1315981982594142209
1296522520162705408
1315977753049563137
1293454691003764738
2884089847
1315960922029076480
1081251622389469185
1315953968531615744
1315945471777673218
1315946474807742466
1315936186058317824
1315834414425931776
1315413184858206208
1315738655785394176
1121082754769330176
1294662682075893762
3059854384
1315536497676779520
73587726
1315487001957859329
1315480252588666883
515678914
1303720016362307586
1265733894567071748
1315396091756584961
1314896760335106049
2326591779
1019680486833172480
1315282031643951105
1315268046848774145
1266866127545798657
1314555231670337536
843928293866921988
1269581810247360512
1114274713050800129
1050446187780874241
951506996624273408
1315048062860120066
1314972886868856832
492203192
1310964486199795713
341589941
1314932375751659521
1314900893859565568
1314898965427638272
1314595788417310725
1314870584191389696
220647938
1148175883527708672
1314679751638953984
1314673407976501249
1105945014213976064
1314583851130335232
1261738155079761922
1310013382955859969
1310897014885044224
1314481088463593472
1174767521460883457
1181897337372839936
1259140896253259778
1314319883224702982
1314463349787242497
2977151434
354408233
1314313510659260428
968926388
1314294207775899654
73638262
1314292272729595910
2720043105
1245011728896753665
791776796
1314227790548471810
1314227972363169792
1313850998339837953
714533786839609344
1314206867044749312
1314216547611815938
1314200314258485248
1151434951
1314174517904900096
1314162811329802246
1314155782577979392
1314149555777277952
116014104
766161997
783246850765848576
1314121235794669568
1267412390137733121
1314110966926315520
52007534
1313958171053109248
1215223075471548416
1200474629401436160
1313930006297489409
1313919949711257602
1256974338965803011
1300676631246315521
717417303621689344
616432337
1306957674794430469
1313784712553431040
246449573
131906210
485081374
1945133521
1313747876204421120
91322357
257406451
1313725287788670978
985920069480927233
305773324
1283181642576732161
352922354
1313548962482335744
258269139
1313542090664620035
1312735437413404674
1313512650018611201
1313493107820953601
1195512892940046336
1313441448436604929
1313440872349028352
1181840582169288704
920170676379676672
1312018365851066375
1313382924499259394
974763948506525697
1265931055862874114
1308281045918404608
943572162186764288
1313205695689490434
1313199409484701698
1313195715854770177
2333356367
1313183111841226752
39989890
258026952
1189625243746426881
55616989
1312863193426006021
1312703834981101568
84104616
1213061639496327169
1312751274392199169
1177559579820986369
1312831222377320453
3306909293
1312776517643055105
1167148464096120832
776171614618681344
1312737063691841542
1301095886139854848
2410411800
1214805895407964160
1312692254197387264
1312642153642942465
1312046557760565252
1287888687854911488
1312528278599729152
1312525560405471232
1312487640038608899
1460412936
1302599882583273472
1312460916752093184
1311967240875659265
1312421545281818628
186190671
1312398413946851328
1312328027251015685
151193682
1312297843298885633
1312298900007661568
1312296240349147141
1300448248977649666
919866611141611522
880142584944918528
1312147829964578817
414797232
1221117289384370176
1312077687658295296
1280155249056059398
3301029597
1312012551182524417
165167558
1311971181763928068
1311944892860575750
772806248798584832
1311905557649985536
1311897230610255873
1311806360267390976
1309479047878127618
1288517707609104384
1311775119715561475
898424585896329216
1311615585760038914
1024298245068152832
1306093617799462912
1012074668680011776
1309459346921848833
1311630853894701057
1311618490160295936
810453453197688832
1263149342745034753
1000144345964646401
1383650898
28766654
1311413064026259457
1311379686501617665
1311362927618936834
755135427003244544
1311339715413585920
1311336649956229120
1311308179695964160
1311301559872036873
1311277252408213506
221793449
3072713416
1311231859079229440
1311228693386272768
1311212509265887232
1311156738675085312
1311067542501425157
30845817
1175054734354460674
623307216
1293799500130193408
1310514517315596289
1270411352868376576
1310807904468041729
1310652278685261826
974761699457884165
1263763210395672579
1310471316219330560
991038680742719488
2447988223
39985986
1303424765106049024
1306521989994213377
988431755668525056
1690132381
712204423116824577
1291624080622473216
1302750950512308225
1310140866464489472
4122501154
1310102290444021761
792854592136548352
1209551797959954433
1307401925588123654
873029837224525825
1309893532111507463
147351533
1309828816085364747
1182420780577103872
1309816658597490691
27728858
1306655338440126465
2259720957
1309532333306007553
1008960337
1309519069436051457
1309511079811256320
1296005970049597440
58197418
6996932
985109683
408735033
1260625565809348608
207493115
1308881639968256002
83921709
2426569115
1469497308
2939329815
1308724786877673473
943236537478778885
464592134
1307953188881027073
1061684752569323522
934772048374661120
7658122
1308666313754243072
1304017499961393152
1273935674274611200
702254384093253632
1305578237469298691
1307739701613338625
594892993
773074597054930944
1308292028695040000
2660726708
473662803
1297873617762623488
1399375992
1298352919419420672
1308139879864430592
1123904822036529153
38639779
838265852143284225
1307987001912811522
1209787954878668800
1307848953229176836
1307776677309800449
1205997572583776260
979081734
1307705280302645250
1220763579676266497
1281526286
1949195262
1307621517493235712
275570606
1168297991599480833
1221792358854823936
1307582901656186883
1307456946732257280
767044266250100736
2361419757
1167537238751817729
1307421002922708999
184172188
1307224377939947520
554555041
536747023
1307048407513681920
1307011682066214919
1306998501646229508
887191326873223169
1306897586645762054
1306856774083973120
1159452355559079941
1367716778
60310546
1260648515191083008
977121400090607617
1953016819
1230281738989056002
1306593394974625801
1306607821149134850
2436121667
1306560795665408001
1306525307453800448
204060257
1306334445989957632
1268945649271296002
1407641702
94851288
40563300
3254842479
1306104158097997826
1306145396373192705
3317999969
1306129057487163392
1127335007901581313
1305923223050166274
1306060658987986944
545528750
1305975354545377293
1305881245415550978
961679100795596801
1305076105511161858
1102162788036894720
1305843366282887169
4899385605
1305774624811241472
1042459421446615040
1305762535791042560
1278759519280148481
1305730812130865153
66780782
1305615665022341121
479804845
1212727521097043968
1305562162002374656
542689699
15680699
949644024
1172415017620131840
953337225923657729
248309391
892308146752028672
1305391132034166785
1305057704331948037
1021305836650549250
1305212509176164354
1292416080229662720
1305191587350302722
716750286883266561
1300390303300546561
819839177596485632
1305092739487477761
1305084330029481984
531738379
542070097
1304871122891141120
1304869018843713536
1314716215
1304840465326501889
1163076672041750530
1304550536826572800
1304540452771770373
1304526071157723136
1304530625848848384
867709882627239936
1304515147805929479
15629215
1304481675150340098
944048623
925631525655375872
1240827150653100044
1304349344569716736
773264845210787842
2559095526
1081113078417293312
1298243178680725513
1304155014223495169
1496796218
1304109097265045504
250703043
1113727354470326272
1304131939532713986
778240055961845760
782874485607333888
806977799558930433
1304008607969746944
1303992907574185984
1303816111734038529
1303763213042024448
1303718086634340359
1301598757419651079
1303668607688343553
1265643681526288384
1303652399668699136
1098187615432523776
2415984790
1303648592452878336
1303647996379385857
1303647824098271232
1303648197076824064
1303639036700094467
1295429005781467137
1254472518251012096
1295030947637854226
1303573315211194369
1303501389474263040
1302991978859241473
1303395536272330752
1028631307528626178
40669460
1303321263423791104
1303313085944475655
727101025
1241864479886934018
1303181278766944257
1014644923231096835
500745284
1303071823786106881
4096112867
4106187628
1289245165203398665
1303015859724726272
464984627
1303015450763239425
1303016868043784192
1104180612
1154023758199439361
1275190636627492870
1302941194461290496
1221317628209307648
1036889502994841600
1302929203046776832
1302801927969832960
1302911598105964544
24389711
1242399017251876864
756650
2737080015
1186725829121925120
1224795793200160768
1070356351992377344
1302643563340103681
1300437561689739266
968455868516839425
1302582620342177792
1280226367699931141
1230746536742514689
1299032082317021189
1302486851664711681
1302463176009678850
1302215665835806720
1277917703609757696
91861138
1302276037557063682
1302262178007965697
371944994
2901308920
215396325
1302228050143334400
1302220024229363713
378795884
1182226525770407936
1297136750964486144
961448184668094464
1258031119326482433
1301965747573452800
1301955612037787648
1301920512160002048
1237107566347456514
256015634
78280324
975130156154212352
516501257
1281945592554565633
1149268621
721691803695648768
1002168796260519936
1301599540542418954
1294174956557869056
1301569389897097216
1300566882
1298853242525437956
1301231352944234497
1301213552515133447
1300863000090488841
1301148348553072643
1301145960521830402
863057775122939904
853484752241905664
4879152417
871711593154981889
1288556937311916035
1300791283494129670
1300699913706254336
2577347119
93813632
1300705957970874368
1374379202
1296155246423609344
1300507422876934144
1162357854608809984
17471108
28537689
1300377287997652993
2377233575
1300323717801746432
2317307110
1300203028264423425
603681116
1300166387378290692
1300157677226668034
1300125175262912512
217556041
1300095620263354369
1265346392144457728
1300013664565694465
1299363999826444288
1299969307087187968
1298650689678213120
1299802064256741377
1299803237734850563
564720652
2318670603
439990550
1299699034060357633
1252249685651316738
1299620429649391617
1299546948203171841
1199411830080331776
1299469165741342721
76125621
1299330559567638529
1299330401438179334
1212545178029805568
864189759190683649
1299276580267720704
116438551
1299127209236541440
1299116095773835272
2725327558
887308801
40511962
978931124205424640
548763570
1297981680540504064
948659492098662400
1298973592366051333
803159667618828289
1298728647977775106
1298717308320284672
1298704704868843520
1275235645645037569
431131479
1114699886967046144
1267398013733023745
401559149
1298590463704870912
708855751
1298558454886473728
1134608461
1244678148995907585
1270026820923121665
1298320279932932104
1298375347419910145
253080781
1298335767715024896
1298314257361178624
1298306763339505665
2165444468
1298263032376594433
1298236544340369408
1298227861292285959
1298203145089298433
1278599043833364480
1298187014228127746
1255884669071110145
1298152885860159489
195402561
51717663
1298091326513152000
1294554278951096320
1841400464
1298018727795945473
1281971462656729088
3002084676
1296399934284075008
456802610
280649779
2815713280
929741497360175104
3027263081
1206861439375421440
959816168
1297674508124467202
1022786028237672448
1286062089182883840
2831667177
219785325
1297510406181838848
1297475876255342593
17474394
94221679
1297309423803805697
1297288178085310464
2778729437
1297254636785741824
742285682
3024222689
1290335753709522952
1297204455251771397
1271166141105389569
1297152953565011968
2723308582
1297095541537611776
932981467
406623745
1088340082208038917
1326306367
1296940814392872966
3083496028
1290445750065860609
1296832488908763136
1296817329125363712
1287575425418276865
1191025618055520256
1296755173579268096
1296710772748410880
1296704145831931904
1296681504370761729
738141660840755200
449892157
1296564160671756291
17625169
1190941279229792263
1296553283390246916
67568093
920876895029415937
1285672161454284801
970012506
3951445577
1296535469765926914
1296511101824380928
1296477365128826881
596005949
3384756233
1296422853970145282
2293442938
1944280170
1078981714293207040
2532142272
1296323466703011840
394095784
1296248981031456768
1296054648969859075
1086029115839471622
1205890286011985920
1734555992
1196341281066291200
1295963307413733377
1269364667912196097
567684174
1295827653371531264
1427554790
17778782
1295805789945430016
2393916987
257843550
1295718493669785609
1295684701584318466
1295652583613313025
1058787132
1295413272779411456
789411661664878592
1295473965981409286
1295459390376607750
1295415512831320064
751207897
1295403627700510720
1295347391911141376
1295328564364087297
1001055941536768000
1295327508485808128
1295306399984033793
1295252459321991169
1078037362620485635
1295094227546910721
1290806335802675201
1295092168156164097
1295083130932649986
1295054980613844993
1266627485409705986
1259058478016012289
1294976481697964032
902178922951008256
172662572
1324841486
1294706059521732609
1241378411316207616
2750267419
1294868303857561600
205636809
1280845496874078208
1274485183585169414
266546836
331612214
1294668146226466816
1280319597011484679
1089154469177241602
1294568522715205632
1000464993324879872
1287371964760367104
1288810719912304641
1156258285353340929
1294370757892603904
1230474593867091968
1294269593498853381
1266358506757722114
1127281321
394965736
1207374799
1294041867294838785
2386607001
26498693
784556160
830240519200632832
122172405
116852408
1208042953404497921
1280546111380430848
418912252
2320072845
1254423498853945345
1042110489633931264
979022129889980421
737639258509447168
2245158935
1080558808752103424
1278355851607228416
1293454224890699777
1237849737350352896
3131007160
1292637461194182656
121699496
984424104844505089
1260065893607931910
1221893760595963904
562249942
905862164707250178
1290661887500324865
1237092406086033409
1260729984727089152
4833390892
1039919004197027840
3230038600
1239188979989217280
1292949321185472522
1285381093018013706
2247014777
738314906
1281191553030029312
196663319
1092677748
30325217
1215797726014853121
1286665631337713666
1292251866638831621
27429184
1214649673933361154
259796527
1287515059313352709
3201403341
842664961180684288
2332177049
944200460
224152446
521207511
1291671282631794689
22713828
1282203541797470208
29182651
993643783
1037015286
1284853734422597632
1092426894753103872
68502269
904824602643324928
1278764022909808641
1284185997652172800
56729483
945186981079904256
1119731960
20695028
3400106681
1291285755650809856
1291269393024978944
64037314
1242400692037435392
1291068981453950987
1197993008861470720
68634007
1223383942688055297
1109122186403561473
806133753852661761
1191354279870775298
1290567253524713472
1217126742521008128
34954760
348616017
1521577794
740872893920350208
775015906212741120
1290686554176880641
1290651308442214408
1290665433247428608
1253348557626753025
1213793783843672067
1496022991
1290025295538528257
341946367
1112809186264530944
1284565849274290179
434918830
1283737615041273856
3007811005
59557645
309679375
851784170
1229157099613171712
1289340465251266560
1286010466490363904
1374030152
789959533795897344
1259788136202330112
1211334868564508672
1255981223228424193
493157488
1601061084
1273870312640217089
1288153374161018880
1289763889664724992
1023053633645109253
51520239
785046548883378176
4853176396
1245702551611346944
1583211242
3050375140
852172597680889856
1252964042572005377
754086558043635712
501991642
1285534230328553472
1288925358306332675
1289183750903955457
942392026255036416
1288976873670815745
3097367057
1227001148609105920
235337590
874169343474585600
785238000
364275837
1288391230846574598
1222638234
730405459195211776
1288584813847425024
1112333925521780737
783276543174909953
72268080
1288386747139870720
1288288809977819137
861235182061449216
112527911
1072797299154272257
260883617
1129857770013040641
22905166
562084456
1286979701995700224
1288082653745422336
356153271
2333932701
989439158732181504
809421570049458176
1287885848734728195
1287498522925899779
586680883
1097183221207445504
1286194243124506625
471650510
1287493260768935936
958369050362556416
874750440788955138
1285301988012576768
1026529200092717056
942074477478862848
237475435
1214108952608174080
1111699033
472392415
1188830988677402627
108674141
1287058573391007749
1287009454593126402
1286982777531969536
1286948473510780928
1286937052668399616
24370679
14512309
1286745994055626752
781225716
1286704940111540224
1286620804743139329
1210629151536881665
1286588014815313921
30878318
1286447337183883264
276606850
1146147333333225474
1275341991522508805
1172013756
1286375837751742475
98093876
878618080229961728
4272561743
1286305608388546560
1286288189603418112
1286289662085156870
162159021
1286210487009648640
1286196685560057858
1272750652024918016
1286061452193869824
1180465687
1286046223254913025
1286038539013181443
1726456393
1285978511321239552
1285975338825199619
1178192186644541440
1285962897529679873
1285939824864759808
1285911310736199688
953242848744394752
1285888374969114624
187219653
1248337017680863232
2844030410
1285873243057000448
1269059186589077510
1264156519
1389263312
1267071633052897282
1285642747228151808
1285587725865963524
3438296751
33331949
1285564518463156225
33640249
1285111968941080582
1195789950802911232
1285464687413526529
1029113319775457280
1285338578256629761
231876532
1285236501538910209
1285152506624999424
918095386157383681
1502897041
1284990700208164865
1284925466638417923
1953546451
1257964130
358061158
581187199
1284799150870147073
1284784643296854016
1284772316363333632
1042350649600552960
1284755730772430848
1284742610003865601
908430776806576128
131006725
1284648395773272066
1284585437080825856
1284590634150617089
1284569044444733440
375525771
1284553851639562241
1284528477572599808
1284509165835231233
1305425917
1151954555053203461
1284412258748112904
1284402262203404289
1284378887368179713
125149089
1284248636906524677
14284919
1284233936567250945
1284198980117823490
68087453
60256430
1284150839247069187
1283041346094346241
864514791641149440
1284052853204619269
1282125029787009025
205756837
1283156671049732096
1283888038502903808
3926437463
439237346
1022063713162076162
1251092774063046656
73611262
521586628
796657865813594112
1283472054075916288
895246093314908161
1078632183902978048
1282945281391304705
1058960908788133889
1283317998720364544
711838856262389762
2164472831
599680212
1283188113385414656
1283166702579126272
1283149527923523584
1283133733470691333
1283112759731933184
1282795821130547200
1283080744143925249
1254386440940605444
171555552
242850964
1894856984
1282912903390285824
1282770221477048322
1277686651779678208
2990968859
1071398514389909504
1282635107472420864
1282668061716369408
1282638710996185091
1282633807456329736
1282625913386139648
2148603555
37717729
1220141292295991297
1282311915860119552
1316300851
788240513317146625
704336377807314944
1271692193238061056
1282268046783127553
2895079737
3647991980
1282037442284007425
2293888102
1282026554491572224
1282015147905748999
1280543881348747265
295039158
1281871772669882370
86272705
180692799
1038899941324845058
1279476826063036416
30975903
1281407757795688448
1238363576617914369
1281310185290706944
879103059036696577
1281302570737307648
1281288101718081536
1281155298351296512
1281164460460257282
39480304
28310202
758980210620375041
1151541585005436928
1280894584374071296
1280808717324337153
1280795784259219457
1280790881159831553
51186556
62806889
924723435191898112
1280609197252579329
1280559527730073602
1280559974830215168
1280538924889313282
68765869
1280514102402703361
489471955
1280471480531398658
1593812076
1268672770109472770
1280271911663161344
1280263991252733952
53004698
456542714
1221604251417436162
1280206533092130821
1279931522284425217
170649866
1105925450042429441
73793422
1280061163297013766
1229308505330458624
772095850575196165
2813568008
2466596618
1279771154941726721
1279802723051986945
771223239984951296
1027192472693338112
799588897902784512
1279557091489910793
1279554196904316928
734178035516248064
1279524314119897088
1279455737194983426
718661600081809408
1277952634721382401
1279364300793098242
1276085777986961408
1279288824208789504
1279245706931421184
1104790086116429825
1279096443169619979
1538248476
1275751948915027971
1279111652802269184
1269917925512753152
1279061040190361600
1279007802707623937
1642486705
1278934628301189121
1278821198189793281
1522400510
145457798
1048954391175319554
1278759121513263104
781770567653425152
968373048817717251
1278387600420679680
116180386
18781466
1278294536666611712
1278289400946925574
1278228624626323456
1033495122
1277586009635590144
1072948235881365504
1188091969647579136
561056629
941435261443026944
56354882
1278029334696071173
925803731114975233
1140016966150873090
1277960087781257222
1056524181230272513
1276827030613626881
196085213
1277831639452864512
1277757399215079425
1274117388200554497
412396926
1277645625199415296
749284058958536704
1277514186973724672
1232470213641326592
787606657966768129
1269205470948077570
1277274075736543235
1275378564246827008
25863762
568243468
1090305283560214530
2494378335
1276598009883656192
1276857974951227395
1267878929249034242
1276806940740501504
1124339294
874759544945217537
4686634752
791096856
1276515010924154881
1142481440
40962196
1276431176362864641
1276440615358693376
67661938
1880485578
415655016
779418957337989120
1292585906
1276254596747403268
1265617114204983296
1276215988590186505
1276194099901628419
1276118636147740672
159167528
1275930770826235909
1275896809957752833
1017554603599122432
1089973849268072448
1275885518153306114
834083783775252480
1275728498133524485
1178002602207956992
348717499
1246439337681657857
1322096263
1271411197880029185
630328458
1048179596829642757
1275396582339497985
1275313101181722624
1232472210767568897
1275202985359007749
1273232927371988992
1266299387551952896
577446805
1275122179215106048
2445412839
1274980645572403200
302791843
1265598313593737216
2830053288
1273766098316464131
1266353320039460865
1274838777522016259
1213745796631281665
1274796083970019328
1274755679035822080
1172884826564812801
1272121735932833795
124733810
704744519355527170
1274656439265624065
1228644841237753856
956515182330728449
1274587688369303552
1315367922
1274435070133243910
1273884637085999104
1173239214420500480
40873211
1273802960527556608
1273007297967599618
1028658107273150465
1274059991167746048
3431440719
1272435071371358208
1273929764173160449
1210315451869339648
1273737485282050051
1683454964
964881747593834496
1271081902443761668
54530632
4625276613
2322802727
1152415611110219776
1273375168816185346
1273367148782661637
2901064906
1273323365793763329
897558828
1273318128148254723
1054603340686991360
484198635
1249865851869724672
628560241
1273190719289724928
1273192185668796416
1273179135846875136
1273169171950505986
1272990648094937089
58331034
1268230181744979971
1270459936603070469
354602959
14419039
202769078
1120544035884752897
929648474127204352
1272528427023810560
1272511484900380674
1227300711169482753
1272054602779803648
1272320573243342848
1134510738100412417
1270075292732751875
1250590393793740802
1272212645949714432
20107968
14382965
511987058
1271949127157534721
2606074783
23807683
2388731275
1271957595075592192
1244989143328919553
468771891
1250636458634993664
1271803377203240961
1205654574205460481
104864699
1134445900787531776
1271711080939749376
962761128165171201
1178660806046683136
2780837036
26718209
1268928752207224839
1271058829254496256
1041308500008230912
1181084536559591424
1271003756814045187
1148966229933273089
1270368061
578098630
3408497729
2803352923
1270882382686666752
369939001
1270805694330142721
1514196103
4358081
1270652944984289281
1270730165979668480
378611122
751506312
1270721373376139271
377630769
1267778555871723521
1270648951864254464
809221743562936320
55227078
340972732
1263710424031203328
914585152814272512
1686076465
375885899
884390007431204865
3004314437
1360288291
1264674869796634624
1268670197986197505
827035199804432384
2225184694
1270188449728024577
1270178951936253953
1038457667163967488
1270110914923114496
774496273
1269642111109992448
1000321684887556096
1270083019664228353
954701882987106304
1270053785264586754
1521592680
2575140636
1269965092810100738
1269929658365218818
1264353106323820554
297030879
1267760788963540992
3246306365
2341723377
1269702343613964289
1269694954315579392
1269689218516824070
1267148354817056768
2370882436
390967146
1269545641090453504
1269539007534432256
1247664346970324999
1269534131567898626
1367962590
1269387561098772482
358020733
946090726357590016
1524210595
776700028056440832
1012411185864507392
1250247219946668033
1065715493892472840
1269247621463498754
1254093027817271304
394977323
1185565956497641473
457753464
1269214662349987840
1269212197906939905
50999546
431931414
1101594344002387974
1196152795851821057
102953039
1268956203159339011
232349400
1224423706350555143
1256316274088517633
1083597853472288768
1114331450
978870208352923649
1268898820320100362
1127908762205945856
1268834132316098560
1133808332458926080
1266106933703999488
1234537300224303115
1266535528368943105
1183739753293848576
1255562159020478472
1268605939638288389
1094648466385653762
1268592330430386188
1268586423516631040
1268562975822094336
1268537592401874946
1264714580401565697
1268473801618137090
56539333
2652842139
1268459396205551616
417798350
1268449149839646720
1103265437981306881
1371521918
4605691035
1268292730465247234
1268291160260444161
1268285355595309057
1252502078
1268268350683185152
35349633
1102153062
1268197425237364739
830809313677627393
237406913
1268185326062878724
1268179953704722438
777810549270777856
466794661
1268144239613018115
1268105031963770880
1267424949670682625
1250081711918067712
1205802271403118593
307424546
775112010740731908
1140257463784001536
509245025
2867739694
1267948069586427906
1267947797061537792
1267917909864730624
1267921013154725890
1008978015089553409
745699248356884480
1131249900212105216
1711941181
1267870895781134337
1267867146392133635
1267871710436622339
1267859825578442752
1551573864
1267770165506330634
432111118
705273616
2409135620
1222612563650863104
116044288
1267781361173237761
1267431477643534336
1267771013296685074
1267769101100953600
1443757716
1267745848487809025
1267721731822755840
1267709820142063616
1267707514805772289
78244514
1222986024189603840
1230610170650255378
525969240
1267614165293772800
1267610714111442950
1267591667814666240
2489994859
2872701496
1267559491895275522
1528846718
918389337284399104
1267046595520012288
1055437958424211462
1265936773353529344
3084567770
1216423692693131267
1267440955076096001
164598276
1267400290304655360
817851664904421376
57103874
927890797504139265
466356335
1215178853318086657
1267352179779780609
1259545509401890817
1267306686307545089
829537773585571840
763425176688132097
1267190643467706370
4869622019
1028788739366109184
1267122414586073088
738459794818912256
1236091402720669699
1244242810225729536
2953495684
919210753
1266811236961878017
1252127025533530112
1250153977506865154
2743001548
4456694837
1266647824017563648
1266633550662688768
992113060914647040
814213388356222976
1077803929889636352
73118157
1266439382543863808
893543272605503488
1266400522199863298
1228028332316471296
389452951
253079433
1357473487
1266278090545565698
1085849856198012929
1667434620
1266168586013466626
884702238
374141227
2268457749
1096848606995378177
1143809434638004226
1258108507078918144
26079499
1243321524104331266
1266051339890708481
414240935
1265854463677472776
34402309
111185643
4888069468
1704944958
1086157471830495232
1265715888189313052
1265676984895578112
1164227230882586630
967670980192669697
888516002887196672
4878925330
896162185
1224435325512142848
973886146727079936
968869052
1265396597334118407
1163477322
1264019709219004416
4870140845
1265371566784774145
1265339620235018242
2983776268
2872519072
753630439412211712
782228321614585857
1026156166735425543
1265198614248382464
1251050407457153024
1476454302
763036348177649664
1264933723360935939
1570908751
1251947995639304199
1265007840994955266
949680252145537024
949969284746436608
1264878425510236162
2859730075
1080599670538293249
3165238144
1080168534011973633
215965331
1213892703655645184
1247839437012303874
19934068
1264482253851197441
321994720
1258746505831354375
350220504
1191400862712762368
1264314130372136966
1264308686584938496
1150142528487919617
1263929295858208768
1264182763252580353
492554765
3034129485
1194535751255576576
1133763595559407617
1015667500158251008
1218268708960980992
3044635942
1030620955
1263884414351785985
1257192368547205120
1211592800040439810
1263797887739232259
268247505
1263784703368273921
53335302
1629970374
1256337149097623552
1248930906368290817
27840212
847557840915107840
1215278475130691584
1255227732365127682
1122427393
1263267068947976192
830349115477344256
161539410
199632743
113651795
1262810928296460290
96417774
3580752436
1263156068739420160
1200180214778781696
775084458743562240
1258569792656674816
2565730372
1250898934664486918
28312207
1262402112153169921
1262780348238303232
1190408115608571904
3344193615
1261018909156749313
1252937001214644224
1245621923175780352
1256924110871019523
1122760112718921728
1671340849
2471377160
1179332042091384833
1178941743464681473
1262561986740699137
1233705053652951040
1262499681118105602
3973274409
1194683335362170886
900465078637662209
1262459811423232000
1259142906918637572
1015343844353826817
1262408858904952835
1126624550
1262352894948446213
1046717416984768513
1262182640465195009
1262086653763608577
3261494765
220622213
1230144009110278146
714838189840711681
1635980436
1261793200026652672
1261756392463007746
1195665430251286528
829109408139509760
1632611184
67079319
1261641931588882433
742645766
1246036752286003202
766909627078369280
964636518
1260714227792318471
545813324
3306092783
2381776175
54873729
1261363629796057095
4305640541
1246867802142773248
1004410585830821888
1219998536240107521
960432465025183744
1103283110312058882
1260974114057175043
813129018694336512
117720862
3547190417
1260886582216753153
1260879980222914563
1546344775
1260684258135375872
1259983800810995712
1260682354848411648
867762880816590848
2415534528
136980577
1260604723318702080
1228718588967694336
1894844958
1260505888546308096
2908979236
1260383840356298752
1260371485681745920
1208547440405688321
237104419
562012877
134230848
1228240488
1260210169310588928
1260206525555113984
1260195931770806273
3436160513
1260131131015430144
1210549051529334784
1260148354358616066
2341869265
30203662
1259780147705720832
1229772718809255936
1220688360521576454
1162014498749845507
533156358
842110692
1259779259767369730
1259788675254308864
1248976574986235905
2284280579
2969419671
1259628673256304645
815302160
1259556321264906240
955753387
1256922723361722368
3299483476
1259500981630484483
1258562096511561729
870609785888092160
1259406233385283584
1259405018731601920
492929102
1212747005383958528
3247798133
1034501056783437824
1259117816118218752
2586939154
1158313631244853249
1229119209390649344
1200560688567074823
1258036975782834176
1223914683213721602
2338236639
1258820709171761154
1187352879612321798
1258769829261164549
1211908971847548928
1258672243107864577
259179151
2728925123
1239911896943415300
1258494225458573313
843368866331971584
714496906206904320
1258355866497097728
1257363580619554817
1258293630554591232
295526238
1045670733161140224
1154931499625570304
1256977556596760577
1258062928777023491
1258045349182214144
1258035565418680320
1258024432859258882
148776813
284508966
1089595058603610112
1257971741529440258
1257946444151033856
2869205559
2444869612
1227257596903485440
864235833175547906
183356975
813015230854742020
1134947370
1137778788866154496
14405397
1238541519205916674
1074729713120305154
1257615065655672833
1206933852733739009
1251803364683386881
152456202
727800244675747844
1257020028819554305
1257326695943671808
1257376031763283968
1257361241221234690
1257137911302160385
606160585
1257267456596459522
1257251957582057473
1525998414
1257227633089265666
1257195086716305413
161818737
871254935266000897
1257134597944627202
1192383557265756166
1257045776825569282
34869424
1153785866
1257037861288841223
1257030478084935680
1257007843783426048
1257003994829987840
1257003771793682434
1257002743463583744
1256994137515188227
1256980137469521924
2262019767
2968753522
1256970142430486528
78848105
1256953429089570816
2318603542
1256873972232335360
465009841
295068441
1256847697283362816
1256705202792681475
1256698616984539144
1256699229596192768
1256693690455728129
1237175921234391041
1256641384746045441
1256561477936451587
1256517069757206528
541698800
1256514453358743553
127483696
1256496751982379009
1256288072066633734
1256356170484375554
1228337761704431617
1256283402447343617
1256268960607154178
1256250474719838209
1238802143131426816
333024794
3520520175
1144923877782556674
1230178708364910592
1047041915995267073
1238154611309101057
1255953188135542785
1255951324019122178
1255946571402928130
1245280305931583488
1255870555653373955
1255836119838720001
2961895227
1540901329
1158873329014640641
1255780016262176773
1251925554791669761
1254388657009709056
1026984001326784512
1237740022981369858
1255603665722912770
1254168027505012737
1255589490686676995
1255571130880049153
1246192050925645827
1255509917747818496
1255516220964720650
240399806
1255478415500722177
1253391891934183426
173567057
265853752
112753185
1254823194156044288
2886207627
1255158772198191106
254161091
1140618600157515776
345419441
824374705180315648
1255050764671758337
323699425
1167425823827288067
65472288
493456530
1254778715998846976
1254823910614405127
1254799625623687169
1252313473079562241
1254717302970421248
528534773
1228392124342788096
1035630931791491074
1232722220574793728
199964098
2437799525
1100514397464731651
1196938127996264449
2308675491
1254438993527177218
1254410679194464256
866815228528472064
260658916
132568701
917302746096787456
1223324204646445056
1236802159494270976
1218332150879178755
63488963
1254081723970859012
1254033157881561088
245365836
3022178259
1938904753
1237006141734993921
82839967
1253833596206546946
1316674004
233225691
1253796797744635907
1253766017366491142
1182077012334260224
1063580600081235969
334727399
1253671165521825792
1106161291310366720
1252261339902418945
1253633782508326912
1252475954565394434
1253607541864632320
1253441707473076224
1253413036175396869
1044573885059018752
280974117
1253303382367973380
35450891
1252372858610823168
1245247013463228417
796276348729761792
249193483
240320478
1253071026906374149
1015689123804405760
1253022090091003910
1253016582256803843
478132841
997747819359428608
1252937966323892225
2402887600
1243070437615075328
83385523
3082262836
753450710
1246746456528019457
1160134245987299328
1252270884502593538
1088122673698353152
520742582
1233548857302278146
2962092729
1252322463863779330
967531729086009345
63430528
1251959185559949313
1252282656395575297
1252209063032696834
1206956004950388742
1252155742934704128
255928573
51839349
1134103362130141184
1251957848097120259
1251936024135184384
1251871843482570752
1251786734494535680
201633096
787242202611195904
1356522703
715250310948720640
1251605862730399744
1078704586674917378
1251596100005433347
13242602
1251582567519838218
219612985
945063825598046209
977312272283590657
1251462715836637184
1251418117022060544
842833317888229377
18473010
1231695933806718978
1251277829234462723
477943663
1251255780940156930
50275054
1251245496875835394
1246344771167236096
1251161703833722881
266582331
1251111773152960512
1251106680231940096
1212125387297157120
382590901
22607693
1251070129225547776
1237438180640555008
1251065081753931779
828610987779559425
3182718009
996468163557707778
940309792786141184
945058426891227137
1175139314746953729
1250735384411201536
3298340687
3002938715
909076429102559232
2393560101
3369200813
247802680
2416306244
1226184495629512709
163867047
2310502713
1250032600338612224
1250471222602801156
1250452097709027331
893531460837289985
858496435
109253305
2169175374
1190935510799278081
1250375903542157314
1250361957087170560
27239106
903722635632238597
1250324728369147905
1546102460
1250251554768203777
3424514975
790130140315549696
3132237429
1250166016543424515
1250167653207027715
816969246479708160
1250144253608632320
3297705371
1172629822218080257
1250029180403814400
1058678031164817408
2330772855
1092173679801364480
1249961896985399297
1249870723016986625
1249843864464220160
2843373303
1914039728
48066912
285128761
1249746715877523458
90353708
1249701859587239936
1249675105732628484
1223578691726462978
1249602840131231749
1249037939490918400
1241862568848826369
2522326837
1093538767439302656
1249368065969737734
91382347
783954903404318720
797475234089758720
826493384244146176
1236228535087493120
90172549
1249225767751483394
1238078679412101120
242439470
1241502103488659458
2808044861
1249037939838943233
3345399311
1932392318
844450699689758720
4884655689
1248904721232003072
1201961525793230848
1223516209724915713
1248848881066168320
329623403
1248760078959861760
966450546
1248687730567131137
1245289243976572928
1286698081
1248657394936221697
1152346166899744768
1248596091379036163
1248591456018800640
1248575923449999362
625581548
985516032
1239672019622518787
256177995
703282668683862019
320705121
253524696
772898101883465728
1730509032
1245167628865409025
2958229310
1248366997135638529
1248361188762714112
1248354223336624138
1248220342281265153
982648986904473600
1248054785355456513
1699432160
1172451724650586112
109027042
860957010023591937
839215748
2842551123
801313645
1248041378631819264
347853376
1061362207131402240
1247994722888683523
1247988242026303488
109298927
1003595919936360449
1247780001836986369
1092679197158445057
1247804884721655815
4846453630
778664461288763392
1247164549192495105
48012551
1247646751521222657
1172728167339110400
108414067
1247505479825330176
525466547
1337436505
1246513855750119424
105244629
1247591130960625668
1244332103749287937
94595982
22521666
455547599
351203926
1151949086670671872
1242103937806860289
700791086243971076
1102604492695048193
1247150554457006080
400744511
1238115743646076930
1221904663286571009
33475324
264824548
2380404669
1247024096749277184
2941011753
1246796898868002817
70419881
1246903775564005380
1246873311524663298
1218833481117192193
1246793802830041090
1210119553700814848
1242944429503193089
160266088
28543259
771825803541741568
2774216516
1246745084437168128
1246702466810380289
3459685815
14933183
184796355
916718257524047872
1246088104613687299
1217529068066873345
1217646984137519110
1246478224126869506
1246460547865939975
103371421
1245456186805280769
1167686018721615876
1160078807568658433
387806951
1231208018743828481
1352206106
1246160822348513282
1245421528440766464
1246110547243937794
1246082093555294209
985522781084442624
1234924161514049537
930379519
1246027159019405312
1246017654466531328
3023533942
1183472258586730496
2576987428
1161434599093932032
1226345127301369856
962021297734766592
1224749750014107648
1245797629382008834
1031662642396577792
1227046279764684800
908211101975838720
262027474
1228898556997722112
2931171310
1213960994
1240713800199872512
1245602008414838785
1245596230635282433
1596689029
1245482734581055490
1245466965084422146
783767093711933441
1108122375495843840
1245445213407019013
103934033
1058701568541974528
1245348190234255360
1243319027726004226
2192615043
1245337773265039360
322627158
195892134
963059164300873728
1225481385470832640
1175857019242328065
1215567267959910400
707402042097209345
1245070230528888834
1245102900541521922
369378538
1245043927905980418
51696227
417470779
1021442314785476608
1244900061340991489
45567516
1244887759531237377
3058317407
1244672297241382913
1244657346338586627
1244597852631969794
91561533
1244554990817030145
1174323728538378243
1223360108014555144
4820625489
1244529928059727873
118140841
1145412588811014145
826848803315707904
1238588481686953986
1039316984
1244346069963718658
1187129300333584390
853751326974627840
1243978285442387969
1244237504284368899
1243865525882695680
35171710
1244202455673516032
505018408
2365638538
1114932482602876933
1244174625560506368
1240320310060122115
48794268
353296874
953063435134275584
874823026956808198
1242834501178396672
1243888536480296960
1243870439866318849
1243865495184474113
1242508746804396040
1236742812231753730
1243835784727351303
1190283224678883330
731166571452858368
1180950603251494912
3978802377
290141042
1243672100617019392
733387764
1243658778081406978
470495907
1243627270415290368
1243450190104854528
1238839839262457858
1108743558163501056
3099474670
1234348135864045568
1212352637909135360
969287555391938565
1239952030912913408
17681911
1243197822419288066
587463070
32831175
1214730404684537856
1243349550628306944
1135201433467457537
1243315775320010760
15673229
1243290826442227722
18091303
23201723
1243235191822434305
1143112659711254528
1243225739438313472
1243221963029581824
1243215413506445316
1132247359
1242436601692721154
1243185489257127937
226086207
1243174189714018304
1243168352475938817
1242502559396438016
1239540112662450177
1241663058876993538
1076830596972904448
3404518888
1517514979
179091975
105892945
1242934780360101889
1242916353733996544
1026067413169840128
1242889912828952580
1242570091805511680
2745930434
2920300059
1184419683199574016
1242802107184558082
1207409138281730056
1255305642
1242760220608204800
300171677
1242728484788674561
792760530696110080
1240578636610244612
1214815580718452737
782316660
144622820
3261070824
1242566979002814471
1242505823009595395
1007630645533736960
1114082430
811881092
1144641503496683520
1229894694034911235
373288380
553330037
906585827857367040
1376660496
532092171
1013406484921831433
825644463196401665
183834176
1240582235310391296
1059821714417373186
1241731346181087232
18948614
1242192341131198472
1242183837226012674
101077233
193254967
1242132485145874432
412929886
915682964671025154
1242116438246207488
914203986
1242092560228724737
992162588233527296
1037866644
137688170
1236733712907284480
1235139117501034497
20578160
1241308942145392640
802217082360315904
1241796389354582022
89337354
2686128679
1288167295
2878104478
68384274
1075128538167152641
1228597946490523648
917850533469278208
357493773
1240754939648978949
1241475267840876544
1230551438217998336
1226411119226609666
17421178
382341005
1241392906067468302
1241364194034843653
1240858595920687105
1197198701019779072
1241316297784340481
827855121186947072
1201606365665513474
797365038751318016
96974372
1241268158578786304
77260044
1241119344014360579
1238177008028454912
2973049996
3145528726
1095237107235373056
2938853619
922963776
28112223
1240639326662336513
1101127623802011648
1240968761315819521
502424767
835022912394514433
76342246
3058951529
1240708954080137216
1048290708371718144
2923598356
1184208114297528320
1228598326808973312
2820826271
340178584
863614195895599104
1158977775241502720
1127919451482017792
188686372
1237354206438326272
400229922
1216410487442890753
1214496854462935041
1240581387968811009
475686162
1240498598598643712
1145471112
1235636288893718531
976546214387900416
28176273
55307034
1240313834193276936
332661973
482062417
1240258734821199874
1240227777015619585
187960581
1240195603516317696
1240196938764554240
395770470
1240181818097315840
1346928542
1094114791893827585
1240083303178416130
790606810583560197
3002685611
386410173
1229035352020660225
1239258618651906051
1027952194593665024
1218633068820549632
1910937504
1239100354098335749
1239890315441471490
1239880739845541889
734054286158639104
1239834888045461507
1239828509293510656
1239766383665315840
4821009136
1239697852101779456
1239648460426575873
1239595165242753026
715571862588272640
314707186
1239337362049687553
234314751
1238950116230299648
1239238620613087233
1239226470096134145
1225911140540125184
1239177652738633734
1239165219982761985
385358715
1239122285619011589
1229808872
1229673196191985664
4362192795
30270540
1238958482277183494
1238944300504952832
1238938520389124097
1660878828
1046420844
1238843193543864320
1238872777899343875
612480296
242018591
976013112
1047424933230522368
1238843685565014016
1238827568796782592
988729160398004224
1033705528218865665
1238788831773708290
246504284
2502509823
1075157116468510720
1238721554365788160
1238699517605826561
721824289
3350887353
108418278
1238547980933791754
1238542909542203393
746281450757042176
1237698272732512256
19712601
984689368190382080
945886505255473152
402243842
1238352496776695809
1238312258058563591
1238273924712009728
398934762
1102837679165710336
1238258206356451328
929450014690217984
3927512968
113617368
974010335958065152
1199802575400378368
2308601929
1238162673101127681
2546144879
292804012
2763412028
973876430898638848
1235168708772982789
240639418
2761944778
1237884276340858880
1237862808970092547
722015317283774464
1234178813929627648
1236192188989612033
1237837729230012419
464171072
1226070705521004544
1235116523397795840
718538766038798337
386436142
399079020
945497653709766656
1237484962871496710
1189884862364356610
1237390608496394241
1197231435888889856
1234776978009600006
2791474758
1218575863945539584
1234425023483478016
1237029792404439041
1151884686395944960
1237089364569661446
1226557471264854017
1109525008055975943
1236974311489056768
1638570721
1091951781276540928
1236968079529304066
985561762002079744
1236726624399302658
1147564932210352131
1235865516666806272
1233847571807907840
427669706
1236739300143882241
1236712073784147969
1225046799846604801
1233736502263373824
544659450
4384873396
1036652855753678849
943817462470135809
1236627210687123456
1187465580
1259142198
570744313
1210961569846198273
787709435724517376
845109431864082433
64539511
1191819605100109826
2438445969
1236274707286065154
297457775
1234781465285726208
1235983566921703430
1233489252710846464
720665850
1226426254116737024
1194835050187165696
1236006124236738561
2720070627
82191206
917104316653162496
1235847344601485312
1235524934954336261
21803061
1235698260989423616
1235589777455529986
3128127499
1235673571080499206
953014183339216897
2628419087
23568836
26218496
1234216653514252289
1231356748252024832
957782968323530752
1101600512
932878140770222080
1235358771720998913
1235266441127002112
836151396659515392
1235293230377447424
1235169858393960454
1235247743926448128
16745097
400330704
998956726811537408
629484120
1233034031362707460
566959562
1213507706486542336
1234819808706822147
1234801157350055936
1234536184577175555
1207332157586317315
1234477714649776134
1234710227783684097
3062711559
1109776178582294529
1155971615341076480
454121023
1175402311256104961
1223626292400205825
1234144658655150082
1234054845792911361
1234118635775569921
1198768523943849985
1035167611968004096
1221539816610914307
1232742531621892096
1130347993893228544
1042790859463446528
1120293297191378944
927525498770649088
1233900350899458048
1035695774
1233810662020784129
2297000393
393993381
1199008272482754562
2691313637
92519685
1231518977249234944
1233677701212405760
4848320060
1212478976523784192
1228049445167804418
1039037949973807106
835562802752409600
338223886
1232851722097381376
1233357667869102080
1196050818501431296
332597120
1594422014
939639818
2956432473
1187397549692477440
811315869984980992
304631515
4611714202
1197128408058216455
1233104843872636928
1233083246923124736
1233069898479349760
1233033426883796993
930570161903501312
2936767505
2319162679
923567834709549056
1232789205920735232
1227241631562133504
1172011488795643906
75633596
856202664
1117879615995904002
1232392961947774976
1188435684241088513
1185744950719328257
2665252948
356890082
1232283815307022336
1232277769284964354
1159356242588033025
1232232406607892480
1231965340504072192
2279236485
1231779295057600514
386102375
1231561687771340800
1231405290266005504
1229181699835252736
1220439559990906880
65349714
1230478058097954816
1165263949471895552
883247556
96120552
1131852098692374528
383453751
1231060396565581824
2868864184
951880712050929665
1180018932108972032
1230968960545325056
1228975206909300736
1569200156
26588979
1230824692451336195
743558905914101762
1218082707093303296
1230799481752444928
56314947
2887011945
1185545405058211840
1230550484471046145
1230629944855859201
1186869855791828994
197181695
1277564648
388829242
1230182806443171840
