112150185
139396242
1119974738
2468043644
1364697703209447425
1364690922051670026
1159084157122875392
1131094030790680576
172626493
2490149749
2466596618
804058230741762048
1160940603796066304
1364568139548229635
1361280315126386691
1341815052496642049
1322120716481867776
1363224164207898636
942528695218122752
55008151
1364077599169908736
995747105082871809
1325662858974289920
1364333508546723848
1107000604667334661
1364360625200242689
7878682
1364315456476237824
1364307332361027596
1364299261702209544
195893717
1347973708728721410
241872388
84071317
1363496255628972035
1363986684984127491
1363982776710672385
432760465
1363905906434572297
1166724630
1363480043306037254
1363812871768068096
2354449646
1174111224461692929
247471451
1347945607806246912
948206260339527680
1363582923174252546
1362855031888822273
1363180417638096901
920203000949497856
1345065406273384450
1318166480874278912
929387688863715328
1363341506275336200
1363300461474889730
1363295486208315392
1356518215309008897
2178643862
27843804
1298091326513152000
1342265346531741698
916423351
26667326
2257989908
1362945880941240323
1357054433784389636
1362173755838070785
1363094795372158979
1362384712065572867
1363073947428921349
1281370315726217217
709400891128987648
1362938235509501953
143916677
472333088
1362095924424679427
216305703
1362830576798101509
377590012
1282263729040756736
2580326604
1335981160720199683
3095149259
1362161102268858377
1289220606
516048585
2376760786
1361374608214081538
1339225736901611521
1353176260302745607
1362473096888860672
795158145609900033
1230369840982118400
1362470444306169856
929994224933761024
1281858376864018432
18737283
1362006073784360961
1362379401757945857
1362338809548050432
470552263
1362288733140246529
1041676671391133697
1166670918963404800
1382715066
1002108856418426881
1228214065
1362060190825259016
1189255520588304384
1362022506404708352
1351599969615147009
1261035422110679050
952232833
1075019975763611649
1217547098570313730
1106646047189856257
1361780718184071168
1361771808442245120
2590058264
233665155
1290507480989143040
943499318614482944
708817798789595136
2789794699
397897297
1361660032115433475
1122687312058572800
331128065
49353130
1361475176165163014
1361348775000887297
53914222
936667026030059520
1357247708554223616
1220702540976852992
1033597768458272768
1359148090893213696
885954700134297600
1357288963652861954
1361082442304618496
1361078836696383494
846390406040473600
1361002362425516034
1001073174354780161
1027214034993602560
1229109517918646273
1360932454463385602
1360665196767903746
1068581017831772163
206851071
1360759704125919234
2796568750
1315396091756584961
963950220
1355223438277935109
1145717888755609600
1314299417638432771
1360551197619462145
1360488035603910661
1359554372917743617
1001833806
1360249008233537542
1047409759777947649
1360182619355418624
113581976
1356763833453449217
4699519334
603766907
1323728717118668808
375525771
1135491406175395840
11536152
1357303553950367748
1351228687367237637
1359834018703884290
3076705175
1359107805257555969
3911476402
1315875818896265216
1355872101962403846
763533330
1023140795359133696
1214293867622592512
1359587013012434952
485012325
1359283915740106752
2881057294
67120775
1359188421835714560
4878909562
1355545138840424453
1355953576942645251
3294232695
1359082021776207872
1359039398164242434
1358648514381705217
1279933415907905537
1358826665032486918
1358846295637712901
439237346
1308112445559500801
1358780689047576578
1358712410119540738
1342922663728209921
133903553
791776796
1358455713320820736
1358412112796729344
1358403969652056064
1358377617360113666
2722114437
527924077
1357700385511727106
523419768
1511616164
938705354
3434073549
1358081551356088322
3179644931
92967476
732832997112729601
1355914065990848513
1320399201256284160
1322115018
756555822533058560
302542215
1353445378989821952
42460724
1357451517381533698
1357428597531754503
803279695
1352136805584424960
1357384583629729802
1300409256752164866
1357344329950326793
1106302515954495488
1357247695057006592
1357031469873463296
977397318
1357245139517857797
1100782088381493253
1348674697630724097
1357066768016150531
1118904392126816261
944172920603119616
1356333280233201665
1356988145724755978
1116243944545955840
1356858499628687362
4047140181
1356610805123473408
1334476236526133251
1055016330
1239966756795539457
71101366
1356215750768340993
989463378
1328724173783396353
1337053689744330758
274423714
1247397374856704000
906234968657063936
1355618026335449088
1265498142667128832
1355703805359370245
733595016732413952
1042482199839236096
1335539152906031104
736751826
1312430199020101638
1230216889311399938
2788140609
1319987002608095232
150621970
1403769529
1355279401290764288
950389765
1354686468736880642
1333698242756943872
1355109168802357251
3328978504
1355098829486481408
1355062333949833217
2901818287
3261883329
1323582618215030786
1289271379079069696
1355044757572083712
16526849
307752452
1333993813837230082
749924920025645056
23496732
1354823773497659398
1027988761290919937
1354772527638323202
2462810547
281006551
1354783612101685257
2474632289
521292218
1354383634619314176
1353780115050737666
1353823626869530627
1346904308269391880
1354593893879336971
1247807589414342657
1354476159216607236
947927713804890113
3423763019
1352178999733137413
1337667408027217921
1354401985542369280
882104763818627072
56078975
340601104
806754764989939713
1353397495603277824
1017569675192881153
2796491576
870646599415996416
1345850442358673415
1246099888892452864
3197923426
370769022
1076592751
31182393
759873647809007618
1148347917113147394
1313593408959721472
886030399100637184
1085104797722791936
1353811322253803520
1353785820008878085
1300038185314123776
1102114451132690432
1352977610893099008
1353624153312657409
1353290526892683265
1324363103610523650
1353592545587163136
1272856380765061122
4349095767
1262510033285283840
1352770368013021184
1353445257569042432
838355187999834113
1352924200466579456
1306837067675119616
1353341394044248066
1353332887937015810
2936712935
1287629796193841152
522400405
53922555
1304006909469614080
1096539999904894976
1348055494401921025
1317506884908220423
1353085096870469634
785203490201239552
1353028716889305088
1196491325237059584
1334615633191972866
790059680
1351643690582814721
1352497651242184704
1345347271290925056
1352871315104030724
3126808498
1350944474986409994
1352818603956068353
1302646619087802368
1352641329445146625
1325205330981056517
4237338147
154068163
1352199908347043840
30861191
1352174986799288322
803573545209131008
215044244
966310632747425792
1352340163041652736
1062328664581390338
194740327
1352281276930265089
1243531516883451905
2352116543
1352226194645807106
1351972058360651778
3315291220
1352185435234177075
1352186027293765635
545530354
1352184135465512961
49442543
305952592
271099189
1351957584530599937
48123822
1078646621976645632
1338720172258045954
1292036105165049863
1351161253608235019
2377330954
1350555292862468103
1351977924778479616
1351965595231776768
1351962165348020225
4392598893
1187669267048816640
1668336720
1351956232102416393
115112830
1351953531603968001
1346450969073217536
516815297
2301877762
1205612031979724800
1118642792224436224
386554261
768879407696150528
1351784020485562368
1347699043925897217
868067207380709376
765889700
1351655768643297281
594002485
960979469849780225
1305045453046767616
381387621
33659846
1348270969140498433
2728554029
1350370742890856449
158073222
1112636000562565120
838311935162613761
1344737121769316359
44235678
1350965109850583046
1351095476314124290
14292270
42263786
1350923167607508993
1246109378589032449
1348770138967977989
1350939433797869568
1350933504058601472
1103595972
1350906981733818369
1350898802107052032
16240598
814572939253350400
2569516659
1350173949796220933
1333074296558776321
776832077316644864
4860399465
1318790620505378816
1333769235877810178
1074536224226988034
1350460643904806912
1350448732043681794
1340010897155211266
909980282215849984
586862153
271103745
245761137
1350210474923667456
1350202040656551938
1350194199182921728
1349186272552775683
1350087519325589504
1350122734953639941
1348738919781822467
1350056879465095177
62792238
1348568373567901696
1349958416761049089
1346506400252518400
1293959115316899840
1349806120970448900
280926639
4897452617
1330824941193846785
1345555997474091013
1349707475478568961
987698092521787392
1034754162834243584
443720042
1051194260635172866
1349637008625438720
30678170
1333897057757696002
1349451800848588800
529428338
1349358222801592320
1308135676219662336
1195363987971596289
1349347239278293001
87265120
1349304393959694336
1348687541407526912
1349190425400274944
49051337
1342872476414595073
412505067
1302054389784489986
1348956314320445440
1175402311256104961
562108502
1348702984549638144
223073796
950717820710596610
1347909074285961219
1348657486736338946
1346792828777721856
437676188
1348622295674314752
1344608057809113088
1348594423467302915
1348568997881643009
1125746397448474626
780866302424420352
2716767383
2427734329
1133808332458926080
757866489450000384
1348287654182449153
54004168
2967442469
1263813247112753152
2389309784
1541341243
1343824482012594176
1346917001059594242
1348068940082245634
748599140674846720
27485335
1064214049464946690
1875914724
1348007388188700680
1347997966271991808
3079383862
1347976083967266819
1347969566966747136
1347967764556820492
1347959642610130953
1231106921517735936
1346927459552399366
1347922856752119813
1347900527636606978
706848272
1643631582
1347793921028595712
1347787478229516293
815323563142090753
872885433000177664
1042531454
1347559716176715778
1324374883770470401
1347574077570084866
1347570926708207616
1132586308994588672
1347511316144123910
1299469165741342721
1306889880690216960
1338044612099928065
4837927072
1347295592523984898
918355140
1346912101919502336
28141471
1119495825258946562
1056065223419924481
1347241812541509636
1331541221278322688
45364138
1189261231665897473
873622630263345155
1347094098470203397
616681137
1346931998338777089
1430058834
1343990558348505089
1333715688976953344
1347105813500932096
991061491137695744
1346978790145220613
1345349429298020352
1067573476184256512
940949630
1346971569676025856
1335898446142836737
1346939134192005123
756919514
1346940231078047744
1346936749608595458
1346939703807897602
36164915
4600423048
22931488
1346934757381312520
1346936090834460673
1346937187166789633
1346935024025792512
39029183
953266545236545537
22347387
1255513283559395334
1520153232
2886686421
354279611
1346924292928364554
1346919532707913739
927630289324605441
2292194753
1346919745816293376
1346918831709708290
1346917643299610626
1346914973872779265
407225531
1008469436607746048
756221684940730368
1345003139431354368
1338589623606505475
1321300242
1215033365864296448
1205966778934976518
238535738
1341054934129762308
3372303653
224152278
3027163901
1344976638308708355
346690956
883538028626661380
1346404099508621312
832607711489642496
1304017499961393152
945389724990132229
943572162186764288
1011994412
1345690501140328453
2419063065
1345459590696206346
141339615
1387097364
589176428
1291506070561710082
14283917
1345836520536727553
1327309665928175617
296494341
1345795540559273985
286806021
4295706316
1329569347384315912
1345376915889270785
1102330688
1345510536906235914
1345486278649933830
1338912154980900866
1242936891843981313
1513811304
1340042392112689155
32997553
739180805474385920
1324809067047636992
1345252889510486018
877505073374515200
1134169556900110336
1345085510113488897
19959974
84050038
4055986252
776171614618681344
3292947217
1266837745915375616
1344776471890587651
1329740448701829122
719555092911931392
53426273
1344319055654776832
2425098259
1344308387929063432
1341826474924535808
1344226901762727937
1344207995568324608
31385076
1343535271053242373
1005525991945621505
1318913996007899136
1343694146511527936
1343683160647872514
1343615464501620737
1258457964668760066
1343221314727899136
1135269991987732482
939244551230906369
195291253
794244443608121345
492439332
40850641
1341888895525519360
1341881278346493954
916711711
1232742641944743936
1208220920977989637
1324783813369712640
1325030236858298369
1102214397357895680
1282410028830515205
1340957620308488197
1326860924486103042
1327313733295763457
412926150
1341146909063454728
1325177974639849478
1317411079157407745
1340657144874622977
924729787704381440
1340766241083023362
841376530697715712
1300006304895860736
1338613835230535688
1238802143131426816
1340539116296015872
2860842286
1362009673
1337064026472374272
1340286245692424192
1131567815557898240
1340088899876638720
715427505021272064
1340029059187814401
970304818978938881
1174932660428214272
1339778074330750977
815478267364904960
14709695
702797993339195392
1169710286871420928
3127919450
1339710269312946177
1339671878592581633
1339627110571360259
1337021074341552129
1339569639614009344
1337894860452454404
1339508945271091200
1339467937158184960
1339373008180441090
1339315787211939840
1339270217806000130
1204928335970746368
1339161719529205765
1338601634348326912
1339121711372001281
836459838293049344
1338136704402808837
1165321082259353603
1311026516285886465
1338877437078368256
1338155293046435844
2157177769
1241862568848826369
272017051
2990501547
1338626180111605760
1338769841273131008
1274698459954786304
969584791262777346
1338622720695799814
1056900000280731648
1337879458196369413
1338512100340215809
1338474089464344577
1338453398807597057
1336381747710275590
1337430462504038403
1242168061676978177
92003094
961333703896174593
1337894492205162502
1543343756
1337789926725853188
1337788996492152832
1337773993777041408
1315284373147713538
1337718109709463552
2331903051
1337577540895076352
1325963476230045696
1337544975538663425
1294248670993547264
1330921802500083713
292916120
1333673407985147910
1337319010128588801
2227082803
1370219293
1337107671288307712
1337081826335223809
3012642724
2301046823
1337008670908018689
2305081150
161468223
1336946863715594246
1336920684073771009
1009431859
14109880
170598617
1158400347418898433
1332654222970597376
401566026
1136819190
1336646033313566720
878117994467086340
1336620741614301187
570085487
1032410214027354112
1241474754680422402
595680314
1284019390900580355
1336308191769071618
2177543188
1336297363984543751
1334147861014061056
419728667
186728509
1331818091404259328
1336112776855625730
1238402982
1336051392117694468
761918584100642816
1111083603155451904
1335985325416591360
1335937171925200932
1335907198170443776
1335715477977509888
1335674560017014788
987486896237568000
1331119338313674755
1335512155739877376
1058351850196480001
1278210067725029377
1335386432039432193
1335352594936586242
1321858505628917761
1335285084505640963
1254136487500808196
1283340742442848256
1335154731069693952
1280388689856626689
1154585701
474007067
1334897339362930690
1334866240007966721
1425602959
961217351990595584
1334791720735739904
284644848
1328940152325107713
1332994499497381888
1334630259145256966
703842023808184320
1181321997181169669
725004308278857728
1319974086274109440
1332412691768553473
1264618162567421952
1334400837041475584
1694592770
1334253292478672897
1320397702111395841
18998300
92488675
488459571
116646911
4184157375
1325517359453495298
1333959827090010113
2733223407
1005922519
1332688265976164358
1325170711158116352
1326795745475825668
857807084716478464
1333711560557146112
1221196925170569216
790042832
1276937656820260864
1332034902246776833
1077912359941931008
1333407546976165889
88001109
15034076
36935433
1333211121298382850
14731913
1250995701267431425
1333032287848501254
1072935201569857536
1249006690202157058
1239857042384453632
3473300118
1332828720898449411
1252650414459232257
1331700087219695618
862617275500769280
1543000230
1267104400792784896
1329740797659504641
3107195583
1294329264867880960
3288757865
1322230629807902720
1321859043850412033
173656874
80937126
790809752
1332000791025037313
1331970304839720960
1320673870463062018
1331898267848880128
707564126
959731336914272261
2886985722
1330598538548367361
985463888882749440
46085653
316443131
421828480
1331558779104714752
583190679
1331398210083053572
1318573629504999429
172778897
1331277997240950784
1703946398
1272234110900150278
1330799931515424769
1331052171132071940
1330981140941959173
1330980048556466183
1246262932968701953
1143686228
1200474629401436160
1330892617903726593
1326826122345127936
6036572
1330782192876855296
1330698215482675203
555858806
2351536941
1320993925994217472
1038851079834927110
201674330
2941127361
1330566502064529408
282445214
1330559219146383367
900020667722215425
1325822846581477376
1330524880891236359
755843862480814081
1326431952321327105
1323938595334283271
1303813804531253248
808763900758028289
1731797970
141191137
1329933047475671044
1330220857906565120
1330224618678915074
75753961
1330211036029460485
1183164961
1330190857740447744
1068991671826817024
14684085
1101966203067793408
2473917902
1249080436388704262
1330120139694612482
1068994016363143169
1013497169821814784
414610756
1328708837776519168
308754217
1078772368875630592
1329895212106321920
1329797804483612672
896147424821084160
1329879303354454021
1326076631283191808
2152804416
1329724837829423105
1326441198404456449
1307916980624777218
1329710583034355713
1309229359346135052
1037437909824139264
1329575356471402497
1288026732
1135520200869273600
1043057922
1329473496666300417
1325809503405809664
1329476357290602498
489327935
1050077644459528192
459216816
1324090456532275203
1329427558652383236
3495295943
248673535
1329371259491266560
1329356151868305409
1326103724058677248
1120429425064120321
1329243048014991362
3342214096
567786318
1324064118962331649
1313102964240850945
1105077099507810305
1329024471546654722
1054808845833396224
260678175
1318862397998772224
1328960018692132864
1274802174393016320
908283444916051968
1258362579086454784
1306681302859513856
1282420728630050816
1328808407227375616
1328608821045047297
1059743724
2832061957
1159122653501898753
1325164968912719879
1315015004425519110
14310067
38918429
395152076
962528530834903040
239990979
44261627
1328535955305877504
1328462032052625414
1325114889753518082
1009090783021068288
1321785115652009984
1328376683838234624
1325169336160407554
1328267530587295744
1292814777308213249
1328094716630589446
1328076078217367553
1328035177927479297
1291726381710217216
1315667480698925057
1328003262159708160
1327982983341608966
1327985575681519617
1327955212133412864
2984766547
1327914024286244864
977534508307308544
1262331577230647297
1231104552587399168
1327768799483994114
1327717083073875968
1327689876955926528
1327685046904508418
1327668393462390784
1324420522705387528
3101619167
1327584251429183489
1327577075251896320
896756176079253504
730113131578568704
471142962
948302674746896385
1560789637
984620980109758466
1169038809058697218
1130202969604018178
1185106053656129536
1327358002064723969
819516737678954496
1327349481927532545
1149386346185875456
1327326996335046657
1180968526762389504
3226813930
734257040093253632
1327267932175536129
2909364627
1327205015660990464
1849196858
1230807463919747072
1305613832560148480
1327172681335238656
723404896792236032
29422138
455087557
14322939
1324664641952382976
2696863614
2291821925
1324735558283894784
1257017823781625873
1327015815078694918
902250039476711428
779764642411405312
1317815001462296578
633728179
1326929570344394752
1326919325559754753
1326908815707693056
1326903225786789888
1324992154352148481
90475762
1288254910727847936
54134717
297030879
86390309
1314272839965593603
61646076
1326588147145334785
1326599184523403265
1302891960416571392
1230327263553630210
1326550676026003457
1290792310083588096
239484275
719940565924777985
744824273714487296
1326481808679182347
2707172909
1142721164051136512
376789686
1325199230508544001
1226861915445612544
1326430490283438081
1322102179130474497
1325582693506158593
1326299824061353984
1326299615482753024
1325454708274835463
1292194574291566592
2354399727
1017475147471769601
1365309571
1326261466543042560
1144519938603978754
1326149608368713729
1223660683834855424
1326231236734496768
1326216328450105346
1325158316901720066
1324701382289563648
1135902579249033222
825588783311642624
1125452987525148672
418648964
1154489860390080512
1319178321779920896
1226753045951848448
1193026824844054528
17220596
1658661236
3235102827
310717882
868286231444164612
911673782410113024
1325559201125588992
244646590
1222935065543499776
1308784132781154304
1119693434967732225
1325158725863133185
1325829071637516290
1266841930689851392
1325791984473284609
1325785127365070854
3022198155
824997403
1083680172023447552
39064434
609308357
291685138
1324753950621503489
1324938481173409793
1024022389
1325542127456165889
815542483
20508735
1325509331626958856
1325489014439284736
245417255
1314989565007081479
1172858445269274624
1325475017778454532
907917808457142272
2994094818
32942358
1325456934774960129
958060712483573760
1325442144216166407
1324717034513584128
487594421
1325209113102413824
14325584
1325404675554897921
1325388995635843072
923523630155403264
1312856303203749888
2352899379
1325368237492727809
1325361491479040003
1308810439934070785
1325336850123386880
30430240
1012336344436236288
1224959882664796160
1325246522745872385
1274708209203384321
881498278092824576
1325231776265101313
825735053577682944
1325231458739425282
1325222718506229761
1325223005694418945
105304442
1325213175025950720
2964901744
30901935
117220404
34225776
1325178137915789315
24700967
1321390012517261313
93963992
1325172194796859392
1325173373505318912
1325164189850202113
1080132337
1325164726050054144
1325152010233126923
1325156683727986688
1325142625565990912
800423117608742913
1293430368943702016
1325138939422732290
1324439034073124864
1320339563001319424
1053186080
1286240142546677760
1325139645143789570
2375873644
3078179835
1325134274027167745
1325137118411157513
1325134741411045376
1183050553980526592
15173299
1325135147105054720
129562892
1322313203821563905
200641495
796108437251825664
1325127073761914880
1325125593965342729
1325125606854549506
1325124264283041792
436778436
315845153
1325119147005632512
1325112639945666560
1325114595762180101
1323616987692544000
1325098603258507264
725655902
1325069576799969280
179091975
1325020389995581442
1310255860145434625
1325005683847286786
1325001677724921856
75239050
1324886602754240513
40726893
1324868200874569728
1324820206007525383
1083123187049811969
1324791760632139776
1324790487530852352
2628802672
1324778096520822791
1324775677988655110
118462123
945868915
1324660644092780546
1287045775281868800
1247205114101800960
1001447028075974656
1324616046301585409
982148467479920641
1053108241
1217178842567258112
56130915
1324504528037830657
1324361824951742464
3558171561
1324485276455108610
1313769155573751808
1324472751323840515
1324453186594287622
1324442542604255234
585852513
1324444398504083460
1324406261052571649
1324400043055583232
1296197653546631168
378044517
1324363058093973504
1324360837096787968
1324347995303936000
1261211465635299328
1324203894243807232
1324139871288594437
1127030407076163584
1300390303300546561
1324111708961579008
1182546360681279488
1324124189985558529
1324114282943074307
1324116286574612482
594900317
832607551866994689
1324085077798756352
1324049588798525440
856822542375505920
1324033520214462466
1324019953926897665
1324022697416904704
1309687214
1324016499464482816
1324006189877940224
812640918541074434
1323997493919625216
1095010252720930816
1323973497492824064
1323977328331005953
1026900098448588801
1323681375401238536
1323940332896161792
1209435358062096384
1323926511926284288
1251591099803729920
1323909622823063552
1321794891530252288
1323872214865817600
625581548
1323601555950604289
16347742
3231871829
1221754453600231424
1323385673139834880
1284920643033673733
1323733694612471809
1323685772747247622
1323668843089285125
38663930
816917165068652544
1323584943834996737
1323575599869399040
1323573178363453440
23921250
1323521621425065984
1320962090316795904
60849522
1323399350417063936
1323314430847918080
2781766452
1321448671859429376
1323274351177797632
1293127919246749697
1323218164273078277
1323093014927998976
1323016651026108416
2726869185
3351237988
1322945003149250560
1700044633
592583243
399520268
1322827286752755714
1322797850317754368
1322796443267158016
1076602702409449473
413110443
165377998
1320061403043069953
706608788074266624
1306337073893462019
616735428
2212580829
1277658491054931970
1322311900294762496
1322245831144185863
39815835
1322194836376662017
1131296631859634181
1320763463409520640
415803870
1011349572
1251636320704835584
1186299117426958336
1108644308628983808
1321767711605706752
902084029440290816
1321524460504158209
1321524692344315905
1317095371018063873
1317595036335439872
1497899053
1321359296379166721
1299191449939054594
1315413613310509059
2377656415
891359337695899648
1321192355018493952
1309592754150871041
1321177834300313602
1321162186807533570
1321077863009976321
1321058225639358469
1321039717450813441
97180996
1266740268180611072
1289058132526682112
1319603878237773826
1320831070066135040
1117914396272021504
1320696456047697921
1169636959138066433
1320453555250204672
425662850
149596240
1320371438642147328
1211413915906691072
4584270885
1068989451408412672
1320289456268709888
834925081
1320216659177672707
1320176861213822977
1315323383605755905
1213946101323059200
1320017559857565699
2801588495
1319963356648886272
791407037095837696
1319934914561794048
1319919082431537152
1319757152202952704
940565528791326720
2725020430
57064417
1319667981488672768
1242063205
1319306740752670721
4089262798
1319511888854646784
1319350090990059520
1319316433675890694
1307632853920907265
1319309612382900224
1113848990678835200
998182450642767873
1010155648993153024
1201470150626742273
1266363574265327628
1319203063299788800
4189545917
1083439044124729349
1318989571670028288
961647492709470208
111984540
1316716533998071809
1309226288964608000
923980158868049920
1226545525358505990
1019680486833172480
1005735161437261824
1318644768457543682
41313247
1318595408113827840
1318605730958725120
1318592701512749056
3372645741
1318562422823813121
1317803792205754373
1318496541557088256
1318472107202838529
1318483256468295680
74785203
1110581600490848257
1318432419586990080
1315436190569504770
1318243153451864065
1130902210202820608
1318188301719883777
1318116433746853888
107476570
2213050913
1317942895530442754
1317900210371239937
1317883951143407616
946713385760120832
1317858973526200320
3089920956
984741302851039232
1317595367685427200
1317562553292214273
1261761315074433025
391573698
452929392
1215260626559406080
764793103102447621
1831109293
970216071650250752
1317374214865883136
941388744183242753
1236475573326606336
1317204054532104193
1317197719883186176
3163686962
193617866
2884089847
757923360244465664
1168798994904035328
844562487676719105
1316829730918858752
57488890
950983506695507969
1316707291975086080
1316647636611600385
1316495263498895361
1315364895056171009
135462851
782874264
2941544871
1115716025343811584
2156029511
1306192423035559939
1316362060171800579
1316328277313810432
2756454263
1316289968164286464
1268835323691270150
1313775971296849921
1304430937711824902
1316082904032849922
1316064240743182337
1316052020906930178
1316032567167127552
1297868792018735105
1315960922029076480
1315945471777673218
3026704277
20364569
2819940124
858741171883044864
765330247
1315480252588666883
1303720016362307586
98208784
1266866127545798657
15646128
3061351029
831546524
838027920174100485
341589941
1314932375751659521
1314900893859565568
1314898965427638272
1314595788417310725
1314870584191389696
1314849394257166336
1148175883527708672
1314673407976501249
1314588582821195776
1261738155079761922
283148232
1220716103917277184
1310013382955859969
1314515918723190785
1192785575260119040
968618837280256000
1174767521460883457
1181897337372839936
1259140896253259778
2977151434
1314313510659260428
1314294207775899654
1314292272729595910
1223353316782022660
3794668523
1176523985007366144
1245011728896753665
1314227972363169792
1313850998339837953
1314216547611815938
1314162811329802246
116014104
886201654391033857
52007534
349415485
1233736502263373824
1313924632836280321
1472027810
235684141
1313919949711257602
1256974338965803011
1289893328868302848
473748391
246449573
485081374
1313775200601886722
207141457
1313734151535722496
1310944822832902145
985920069480927233
70613620
1313622729988411393
1300797750146224129
305773324
1283181642576732161
352922354
1311284952042962944
1125034800115531776
258269139
1313542090664620035
1312735437413404674
2824283964
1195512892940046336
1313441448436604929
268247505
12597342
86426917
1181840582169288704
1313401211186556929
364837460
1028389441742794752
788024079072825344
19328625
1279100192080437249
1313193363823304706
1312549529560985602
1313177824820375552
1641664627
258026952
2418531471
1017297409204981761
2264961053
1312433246853099527
1312896934089285632
1312863193426006021
1227737077846073345
1213061639496327169
1281196125517643776
1177559579820986369
1312831222377320453
126650543
3306909293
1312777270776430595
1312771896543453184
1312751274392199169
1312560135332679680
1301095886139854848
1312682176442511360
1101962086203179014
1312469856235782146
1302599882583273472
1312456514616152070
1311967240875659265
1310639860592578564
480761314
1312298900007661568
1312296240349147141
919866611141611522
790817535931265024
880142584944918528
871278036859195393
1294662682075893762
1312012551182524417
46189396
165167558
1264175159201718272
1311911413573660672
1189625243746426881
1158681326486204416
1053733356574253059
898424585896329216
1216000220368187392
1311615585760038914
2592134025
1309459346921848833
1311618490160295936
810453453197688832
1263149342745034753
1000144345964646401
28766654
1310533649385820161
1297193484965810176
31810801
4871860577
3248077611
1101597626850557959
1021839509984563200
1311339715413585920
1311336649956229120
755135427003244544
1125325517752815616
1311294545930444800
1311277252408213506
2292386459
1311228693386272768
1311212509265887232
14291089
1311195268197634048
1311156738675085312
1311113423753809920
1311067542501425157
623307216
1293799500130193408
1270411352868376576
721361545947705344
99916572
138689410
43407217
908342034779590656
1308366632369217536
1668206154
1266862965824917506
990907735481995264
22627258
1260852293852938241
1310471316219330560
2447988223
850307164208082944
1276653800
3093164033
850968896324677633
1310272425628774400
53688879
1306957674794430469
1309547065475727365
1289692059855618048
712204423116824577
1302750950512308225
93477588
44611200
1310140866464489472
1310128552667422722
577163367
2737013451
1201247411814965249
4122501154
1310102290444021761
1310070654046220289
1273690985629810688
1307406952616599552
21025883
534219572
109210189
1309893532111507463
129578514
1309884737901789187
1309828816085364747
1182420780577103872
1308147897146511360
34882225
1309775603466407937
1306655338440126465
1132704158098837506
1008960337
1309479047878127618
1309409373408591872
1238561960100352006
1296005970049597440
442711232
1273190719289724928
340418256
1293220777966424064
874177674
1241440660500230144
985109683
1260625565809348608
1394076979
253622283
1308871334118789121
464592134
2426569115
1469497308
88515077
1068255852937793536
305141238
1308669267479535616
2148603555
536721682
1308430485044039682
702254384093253632
1308292028695040000
1289553465975492608
2660726708
1297873617762623488
1308139879864430592
1300448248977649666
1307987001912811522
1205997572583776260
876284244
979081734
1298143366866141184
1281526286
1307621517493235712
44579787
2361419757
1307421002922708999
1304545228460879872
3217700670
974978719835189251
1307228438772748291
1307011682066214919
1306998501646229508
1091781964561031169
1306790088513380352
1159452355559079941
1306593394974625801
1306635865737826306
1260648515191083008
1230281738989056002
1306564996466446337
554466061
1306525307453800448
204060257
1157551921974132736
40563300
1306104158097997826
1306129057487163392
1239839691110825985
1127335007901581313
1306060658987986944
1305985990713118720
797188248221130753
1305927394583285761
1125479276336308225
1305865613911433219
1305076105511161858
1305843366282887169
1305799591519019008
1305774624811241472
1305762535791042560
1278759519280148481
1305730812130865153
1305598832353439747
83228606
1212727521097043968
1305516807399378946
262824223
1305455478215004163
1331552161
1104468604383387654
1305057704331948037
1305207284478414849
248484371
394878897
1305149861956923393
1305140688103841792
412070549
1305084330029481984
251526711
1304871122891141120
302367888
1304700884731953152
408301209
1304653556700590081
1304526071157723136
1049344356845608961
1304481675150340098
944048623
1304441390055727105
53328253
1304360420103409670
1304342354023849985
356748329
2174323102
1220830226457952262
778240055961845760
1303314206268235778
1304008607969746944
2296938349
1303953706795368449
1265244077928468480
1303816111734038529
1336213362
304869109
452927104
1265643681526288384
1303652399668699136
1303647996379385857
1303647824098271232
1303648061885947904
1303648197076824064
1303639036700094467
1295429005781467137
1254472518251012096
1303612733410152449
874228487023972352
1303573315211194369
126680069
1303501389474263040
1269226496855625728
1303395536272330752
1049071805380665344
1300878731058315266
1258036975782834176
1303333518320205828
1303321263423791104
743737220943622144
1303181278766944257
500745284
4096112867
917810098856226821
1272006310725328896
503442990
1104180612
1154023758199439361
1036889502994841600
3037430524
375518355
1301011780576129026
27113674
1295584280962375681
1070356351992377344
1302582620342177792
1298717308320284672
1230746536742514689
1299032082317021189
1302463176009678850
1277917703609757696
1302262178007965697
371944994
1302220024229363713
1182226525770407936
1105976227108712448
1258031119326482433
1301965747573452800
1301955612037787648
1301932215350288386
1301893275759063047
1237107566347456514
1197668444
2224935691
1149268621
754059031950594048
297106012
1294174956557869056
1301598757419651079
1301599198761095171
1301569389897097216
1301519763764588544
1300566882
606804345
355514882
1301231352944234497
1301213552515133447
589840479
1301148348553072643
2533981820
48710083
853484752241905664
1253230709218689024
1118179957123973120
2887406883
1300791283494129670
2577347119
2502346839
1300705957970874368
1374379202
1296155246423609344
1300507422876934144
3007676472
603681116
1300157677226668034
1300125175262912512
1300108447254564864
1300095620263354369
1265346392144457728
27119173
1220279595116695552
1299827519252819974
1775289607
1299803237734850563
2318670603
1299720302948163586
425966221
1299699034060357633
1299668085977354241
1252249685651316738
1299620429649391617
1299546948203171841
710468714878132224
1199411830080331776
45320284
1299445858593918976
1108635346676400128
1299363999826444288
76125621
1075188529041412098
1299330559567638529
1111613438319624192
26167468
116438551
1299128284815425537
1299127209236541440
1299116095773835272
2725327558
1296873330142838785
948659492098662400
1298973592366051333
561056629
803159667618828289
1298737602850435076
1298726451437375489
1275235645645037569
229634251
1298590463704870912
1214672685386649601
1134608461
269940283
1277873353605419008
1298493222164074496
1270026820923121665
1297504684601757696
1298320279932932104
70959280
1298375347419910145
2886878368
1298335767715024896
985120037013999616
3164977146
815330771275747328
308967187
1265733894567071748
33170563
1298236544340369408
1298227861292285959
1224070452634685449
1298203145089298433
1278599043833364480
1298176536676372480
1255884669071110145
1676704381
1298152885860159489
51717663
1297496540018143233
63933278
1298018727795945473
1281971462656729088
1296399934284075008
887576492485599232
567187078
1297908207483080704
2815713280
97927566
1289237564772294657
929741497360175104
1206861439375421440
1022786028237672448
1297658260745596929
706215958784958464
23786421
22851988
1123208754319822849
36424963
1007297058901020675
2831667177
1297510406181838848
1297475876255342593
1297309423803805697
1295577413250953218
1297254636785741824
1271166141105389569
45136652
563732430
1296812504807608325
1086976605375864832
2761523336
67379886
1296816575685758977
1296797533658898433
491337097
2493099549
853138255533019136
1296704145831931904
1296681504370761729
1296564160671756291
1296553283390246916
67568093
970012506
1296511101824380928
1979413003
596005949
205889660
1296461443831926785
4832943611
1944280170
1294188330658205698
2532142272
394095784
1296167822876463109
1296054648969859075
1262915749280006146
1086029115839471622
902483400656867329
1294262969942061056
1196341281066291200
24544864
567684174
1295833193149534208
1277906172243251202
2393916987
2439502163
257843550
1106485761526906881
3082854989
1234093854
1058787132
1295464935540035585
1295415512831320064
751207897
1167088918556225536
1295347391911141376
1078037362620485635
1225721091399790593
1295094227546910721
1290806335802675201
1148589260628529153
1259058478016012289
902178922951008256
172662572
1005568823171387392
1324841486
1144984841277992962
1226260725120851969
1284494893440741378
1241378411316207616
1280845496874078208
1294727984130203648
1274485183585169414
1294706059521732609
209121104
331612214
6706182
2826409417
525455751
1294534668172308481
1288810719912304641
1294371807210934278
1294344468875935746
909455348888752129
1294320156534018049
845767023586086912
3419894633
1074930032
1293637754077749248
1127281321
39085052
1294041867294838785
1290445750065860609
534878325
1077326503107588098
1285688400960532482
729127914
1319353902
1280546111380430848
418912252
1293940262113366021
1042110489633931264
137121971
1038457667163967488
737639258509447168
1290861390622859364
844973179617579008
1293622383660740613
1080558808752103424
1293530521365032969
1293483098194219008
1293454224890699777
3131007160
984424104844505089
1260065893607931910
1293300615146332162
562249942
831217388133744640
3230038600
1247494378106601474
1292773030398132224
2247014777
1134862140
898633741765095429
1290984512340590594
1292034485173850112
27429184
1214649673933361154
953530087135162368
1292012863268233217
1151954555053203461
842664961180684288
2332177049
944200460
138729912
1291772044091301889
1291767963016744960
1282203541797470208
29182651
1291698700323037184
26397905
1037015286
1726456393
353887703
764500362
1278764022909808641
1284185997652172800
945186981079904256
1291368275935461377
2735487554
1291359592249798656
1119731960
1291285755650809856
1291269393024978944
1026867878660898816
1291111679242240000
1092426894753103872
1291051674967171072
1109122186403561473
806133753852661761
1284565849274290179
170992820
1290567253524713472
1217126742521008128
251550169
1290732736316047361
1290726856312971268
1211415264627003392
740872893920350208
1283654526260699136
1290651308442214408
1290661887500324865
4319397885
1290025295538528257
356440358
851784170
1098313534839099393
1290005656297181190
1374030152
3033356402
1259788136202330112
1255981223228424193
1601061084
1273870312640217089
1289700990011277313
1289687711486550016
1287665614719520768
785046548883378176
1583211242
852172597680889856
98093876
1289305862218100736
1288976873670815745
1288929137554534401
177526172
874169343474585600
2975095647
1288391230846574598
1284853734422597632
1112333925521780737
2272769463
1288544217934049282
1288541481670791169
783276543174909953
1120980275532652548
985802587432562689
2416021851
1288382010864676869
1288288809977819137
861235182061449216
112527911
1288223855488708608
258466331
260883617
1288120682799198210
1288107730138329090
1288069830642405384
117397709
1287885848734728195
1287498522925899779
1287758684022542337
1286194243124506625
46863845
58208841
1285301988012576768
1001896210704273415
2978437943
906738559
1514147204
942074477478862848
1287371964760367104
1287364999430709248
34713973
62559134
1204391868508901376
1741692901
1503911222
467690981
472392415
1286665631337713666
1287120871765704705
108674141
271048217
1287058573391007749
1214868778208641024
1286624881996595200
367119068
1286982777531969536
1286948473510780928
398739924
832713295463276548
1191051679950626821
1286620804743139329
3107979761
1146147333333225474
1283737615041273856
1286346656179458049
1286288189603418112
1286289662085156870
1190321125831696384
1272750652024918016
1121854762130006016
1285975338825199619
1178192186644541440
1285962897529679873
878618080229961728
953242848744394752
1285863322903093249
1264156519
240873883
54934814
1267071633052897282
54608701
1274818119463317506
1285642747228151808
1282125029787009025
33331949
1165282834791223297
1285464687413526529
1281355570990153729
2733890673
1003668627495768065
2908979236
904418295075438592
1502897041
1195789950802911232
1285066321378643970
1058404093276889089
1101685604
804306172975136768
1284912248541118465
802217082360315904
1270882382686666752
1284799150870147073
1284784643296854016
1284742610003865601
908430776806576128
1284648395773272066
1278760816184041473
1284553851639562241
1124421057501433858
1284233936567250945
1284185963971907584
71209868
1284100170490281985
1252651108104798212
1283041346094346241
864514791641149440
1225047806798442504
1284071357467234305
399595975
205756837
1022063713162076162
1214729817339219969
1283758617586540544
902570107867684864
1283732412661403649
73611262
1884359780
1283497551245774848
1196256323685498880
895246093314908161
1078632183902978048
1283317998720364544
711838856262389762
2580785555
1282986190405238784
33640249
599680212
1108063361026027520
2246282670
1283188113385414656
804640147874713600
1283166702579126272
1283133733470691333
933960296
1254386440940605444
242850964
1282985092055523328
1282912903390285824
1282834423738699778
1217811446408646656
1316300851
1277686651779678208
833162615316701185
1226219376992509953
1282635107472420864
1282685277694197761
1282668061716369408
1548432379
1282633807456329736
1279972808857018368
1219252476
887588932568985600
1220141292295991297
38858178
200697703
1282311915860119552
788240513317146625
1271692193238061056
704336377807314944
33883442
1282225784418074627
1280944923987128328
921633350590361601
1282037442284007425
2293888102
63681918
1280543881348747265
295039158
1281882816293285889
851864799445217280
1281878518973042688
1256812886405509122
2294266685
778936496485171200
180692799
521586628
888516002887196672
27396137
992952453548175361
1238363576617914369
1292585906
1281275635856478209
39480304
787766142
1281155298351296512
25704039
1266130858609704961
1028720340065820672
3226573738
556202113
834049147
1039919004197027840
1280538924889313282
68765869
3086976408
489471955
1109334146458046464
399420331
1279931522284425217
1280061163297013766
904773532718178304
1229308505330458624
772095850575196165
1268945649271296002
1033363793659740162
771223239984951296
1270001948452950022
1279771154941726721
1027192472693338112
2880394810
1158783324250419206
949857295
1279688745567035392
380589226
1254388657009709056
890476039029350400
1279557091489910793
1279165427197902848
366685853
1279364300793098242
537862040
919154040759640065
1279096443169619979
1538248476
29101699
32482257
1275751948915027971
1269917925512753152
1279061040190361600
1552607390
1278866450799833095
1363924897
1048954391175319554
1194572505765289984
1278759121513263104
1278410501958090753
781770567653425152
955342577401782272
1278236990195011586
968373048817717251
1277970884616048640
1276085777986961408
1278294536666611712
1278222181604999170
1278228624626323456
1172728167339110400
1033495122
1188091969647579136
941435261443026944
458531564
1277988710504677376
85438709
1277964853529858049
124496207
1277931799658758144
196085213
1218483439701241856
1277831639452864512
1274117388200554497
3301268507
2704845118
749284058958536704
29776778
1277549554934693888
1232470213641326592
1276162297451462659
586680883
1044203190600773633
1198749074
1275378564246827008
568243468
1090305283560214530
1276919111214403585
2494378335
1276857974951227395
874759544945217537
4686634752
1276515010924154881
590675765
1276593730028556289
28310149
805081454
1276431176362864641
1880485578
1276320722269491200
1276272750269796352
1276215988590186505
1137911578802753536
1275896809957752833
1275885518153306114
1275759279493001216
364573591
348717499
1272611755135586305
1246439337681657857
1273707789555240962
1322096263
1271411197880029185
630328458
1275341991522508805
1275313101181722624
1020184652743684098
1275202985359007749
1273232927371988992
1266299387551952896
2445412839
1274980645572403200
302791843
1265598313593737216
1273766098316464131
1266353320039460865
712755189057527808
1098357444063965185
1213745796631281665
1273737485282050051
810165841077489664
1172884826564812801
124733810
704744519355527170
3293115315
1005474573679243264
747924691
1228644841237753856
1003850948773597189
1252993842
1315367922
1274435070133243910
1251397850740723712
1274404376921112577
1274335892736479232
4846593773
2695049067
1273007297967599618
1272435071371358208
1268037597445664768
1210315451869339648
1683454964
1005186202054676480
227100587
1894856984
1271898737644900353
1011676309129293824
1273223396722081792
1273192185668796416
1273169171950505986
1272977458627821568
1268700134969430017
30496574
1223970498494783488
1226540428704518144
1092705403501203456
705970195
1551270272
61180659
1227300711169482753
1272054602779803648
2994859653
1190983825284837377
1134510738100412417
1272212645949714432
971789520
1272183960332832769
1211010095112278016
23807683
49024866
1090193308213805056
2385586059
897035900059832320
162159021
1138838941547802635
962761128165171201
1271508606136041472
224364313
1181084536559591424
369939001
915947383590146048
1268479126647775234
1267778555871723521
61799906
1270618934530768897
23065117
340972732
1686076465
35192377
375885899
1242245663397724160
3004314437
1067843084799619072
1264674869796634624
1268670197986197505
827035199804432384
1270188449728024577
1270127879867768832
1270110914923114496
1268928752207224839
954701882987106304
1265771919573487616
1269965092810100738
892835027892961280
98196397
1269694954315579392
1212817935179251713
1269586836898435074
1228439849083924480
495041979
1103592963345711104
1077863464452931585
4248670695
31407692
1269387561098772482
358020733
1268184815754448896
946090726357590016
776700028056440832
747756621753901056
1250769791620648960
394977323
431931414
1101594344002387974
1267773878518067207
871711593154981889
1268956203159339011
1268930817796997121
1256316274088517633
1268918308914503680
978870208352923649
3065951663
1127908762205945856
3002037571
1268808836187664389
1268702195232444417
1266106933703999488
1266535528368943105
1255562159020478472
1268592330430386188
1264853890723450880
1234537300224303115
1268575719828881412
1268459396205551616
385787110
4605691035
1260281676388761601
1268291160260444161
1260206525555113984
1252502078
1268197425237364739
237406913
782179886186237952
1268179953704722438
1246809924077846531
1249255807574839296
1267817155556331522
2156965750
1260483146807758851
1250081711918067712
307424546
775112010740731908
1078627632428867584
1267770165506330634
705273616
1222612563650863104
1267825908280254465
1267792734577995777
116044288
1267781361173237761
1443757716
1267745848487809025
1267721731822755840
1267709820142063616
1222986024189603840
1230610170650255378
1267614165293772800
1267175129500524545
1528846718
1055437958424211462
1216423692693131267
1266419735211753473
927890797504139265
1259545509401890817
1266805944798904320
829537773585571840
763425176688132097
1267190643467706370
4869622019
2175979119
1028788739366109184
2863174746
1236091402720669699
1918075849
919210753
1266811236961878017
1255797615972814851
1583773928
1170347666829713409
814317314111864833
32349734
1266647824017563648
1266633550662688768
992113060914647040
1145183185
950474168738439170
1259569847505125376
893543272605503488
1261763658415300610
3246306365
982989955088748545
1357473487
1667434620
1266168586013466626
1266121689504628737
1226537752117858304
1258108507078918144
1143809434638004226
1243321524104331266
4016044157
46437436
711869021
361744866
259784647
2960450993
77458226
407209946
2938179183
111185643
38658452
1265743252080275458
832680499294318592
1262042397141327880
1162619560459231232
1265664162107199491
1265629394472755200
75045748
1026156166735425543
118339838
4878925330
1161316856164225025
2284280579
26724927
973886146727079936
954350828483170304
1932273151
544659450
1265459641846247424
1265396597334118407
4870140845
1265371566784774145
2872519072
1265328901632466946
1264168529508601857
1262318202253688832
989226462996811778
1264933723360935939
1265007840994955266
813129018694336512
17228827
1080168534011973633
1167425823827288067
215965331
112392666
1247839437012303874
299394439
24689594
1258746505831354375
1264427862809026561
350220504
1264308686584938496
1157384503989559297
390085964
491739111
1264182763252580353
1035289131751026688
54576875
3034129485
1063033466957119488
147893964
1218268708960980992
2587071330
3220747472
797365038751318016
1263884414351785985
1211592800040439810
1263797887739232259
1263784703368273921
53335302
1236802159494270976
1263615771449741312
1246956986006228993
1256337149097623552
1248930906368290817
875449698
33980385
1228718588967694336
113651795
1157272231074029570
595569219
1262810928296460290
1263200826828390406
3580752436
1263158969847156743
1263131892318113792
858061058778574850
14275456
21327655
870676406853926916
941278919214460930
2565730372
3344193615
1261018909156749313
1252937001214644224
1245621923175780352
1260685902847905795
1222965058596233216
1261272036292386816
54786894
1179332042091384833
1178941743464681473
1233705053652951040
890914774988599296
3973274409
1261580589414612992
1262459811423232000
900465078637662209
1251627812236206080
1169927786221490177
1194220163660312578
555852448
3261494765
1046717416984768513
1230144009110278146
1237855503725686793
35755090
2873005891
1229772718809255936
714838189840711681
297488406
194213611
1195665430251286528
1261688254505590784
1632611184
1261615291240456192
766909627078369280
3306092783
2381776175
1118241293124218880
483731822
1246197299404869632
1034647068
1246867802142773248
1205150649089957888
382268521
1004410585830821888
960432465025183744
28312207
1665605269
1935760620
3072713416
855178277761294336
430180591
1260886582216753153
1224971178001027072
1546344775
19093203
2544431802
1259983800810995712
867762880816590848
339674153
336188924
1260632729609293825
547045873
849303039496392704
1894844958
903531996252704768
1260371485681745920
1260292272408666113
1258562096511561729
1260195931770806273
171211471
1260131131015430144
984828929646256128
30203662
1259788675254308864
2876237134
1200560688567074823
1259866044644155393
1186624468711546880
1259784059636637696
847181114485690368
988097408
1259628673256304645
815302160
828390913231699969
955753387
3299483476
527753456
2462635891
870609785888092160
885625466580873218
492929102
1259384948894679041
3247798133
1239866579791339521
1258276470281166848
2586939154
1158313631244853249
1259144488963969026
1259142906918637572
1139817173247881217
250202463
1258820709171761154
738892854
1258769829261164549
13191902
1258451706851086336
1258672243107864577
1258663833360531456
2728925123
2743965239
843368866331971584
3012856221
2631164336
931237311928590336
709410731410759681
515712497
127470856
1257363580619554817
1230141520851980288
295526238
1258134696883564544
1045670733161140224
1258062928777023491
1258024432859258882
417984448
1257946444151033856
817200307
2869205559
2444869612
161818737
3249289810
1111285556418355202
864235833175547906
1194683335362170886
1257752992754872321
56300269
1257735783076724738
1137778788866154496
1256922723361722368
1238541519205916674
905140940884598784
1257615065655672833
70675721
418193393
752345039062364160
727800244675747844
1131658567172403201
1257409060628041730
1256994137515188227
831532904928919552
1257373423212388354
1256977556596760577
1257361241221234690
1257137911302160385
1257326695943671808
1255665296238673921
1257332723557044227
858029518958854148
606160585
1232063015916331008
1257248737270935553
1251803364683386881
1257235031208210432
1047370687051182080
1257195086716305413
1257044491724361730
2318603542
34869424
1153785866
1257037861288841223
1257038528422334466
53897482
1256980137469521924
1256963262442352640
245847473
207978312
465009841
2315733352
1256847697283362816
1254519508389281793
903094653028839424
471855856
1256698616984539144
1206956004950388742
1237175921234391041
1256641384746045441
862074432
1256190706030444545
3240088481
1227298169261903873
1256514453358743553
127483696
1076616824773595136
3602084057
2699699595
1256327088698732547
1228337761704431617
1256283402447343617
1256260696989487105
1230299336375799808
2753766814
973963138566631424
1230178708364910592
1047041915995267073
516797123
1256017597541363712
1231948311336235008
1255946571402928130
1255923564190076929
1255938589969518594
1245280305931583488
1255870555653373955
2961895227
1255810665618518016
1165141079253049344
1540901329
1244887347537338382
1255798695855099904
1158873329014640641
209992811
1251925554791669761
1240161866355179520
1206563125677432834
1255640320487772160
3379502223
1255589490686676995
1255571130880049153
1246192050925645827
851720875036508160
1255478415500722177
1253391891934183426
2420151791
183834176
112753185
2601641730
1254823194156044288
1243283115478585344
27494446
1255234986887860224
19764533
1244242810225729536
2886207627
1255158772198191106
1148047728
1233250561123856384
254161091
1140618600157515776
1255092689835626496
1254898010884116483
941290722749304832
1254841965532925952
1254778715998846976
1254717302970421248
528534773
1228392124342788096
26485244
764432288
1553877230
1219998536240107521
1100514397464731651
1254491576606298117
538498163
64724166
1197525311052812293
917302746096787456
1223324204646445056
1275944208
2772857696
1356522703
3073733708
1236594408
2641086713
63488963
902088453529194496
1052934803216101378
376991734
1254033157881561088
2492618467
3022178259
74378200
82839967
1253833596206546946
1253830225978429442
1316674004
2317666167
937362919922327552
802572180328501248
26718802
1253669399849922562
1252261339902418945
1044573885059018752
1253397106058047490
1252372858610823168
1253348557626753025
280974117
1181205301145604099
1016326604987957248
129939483
796276348729761792
1253208719594344450
1239459947152375809
1241358863384940545
249193483
1253064210864648192
1238915344091230213
1253022090091003910
4144594223
997747819359428608
815183585879662594
2195234310
2197515528
83385523
428447006
493456530
753450710
362896568
1246746456528019457
1160134245987299328
3042063734
250703043
114536766
1252582396555386882
1252563542504587264
1244197347451531265
1184471599619047426
1208201590357647360
987201145822068736
1252270884502593538
1244844261679353858
521183116
1166221927402233857
1193708118300979200
520742582
63430528
2650963517
1252282656395575297
2800830183
1165617749843775488
201633096
2695335554
1252127025533530112
1241998408853880833
346506929
214525000
1250898934664486918
1233753520853131266
368789818
787242202611195904
715250310948720640
1242856040070332416
1250321335454035968
1078704586674917378
1251596100005433347
13242602
202545861
1251577985397899264
945063825598046209
520558214
1251418117022060544
1248321209445556228
18473010
1251277829234462723
477943663
1246344771167236096
266582331
1251128831718629381
548525527
1251106680231940096
1251065081753931779
926561452269465600
1251045750932463616
866624997992935424
716750286883266561
205388890
996468163557707778
119046422
1245249572722671616
940309792786141184
923567834709549056
909076429102559232
60418900
1250551020356280321
3369200813
1250538049911566346
1226184495629512709
797430152976334848
1250029180403814400
1205249935454670849
1250422078005624833
1250412506511601665
109253305
1546102460
1250275825846333441
2320072845
1240303890786070528
1250199537949585411
790130140315549696
956532887108706304
282790992
2979229267
69992629
1250032379453943809
1092173679801364480
30847946
1249843864464220160
2843373303
15210670
2160006350
890691071570849792
1223578691726462978
1249602840131231749
1249579234315698182
1249062966173020161
826493384244146176
612832672
1241502103488659458
72350025
1932392318
3011955844
844450699689758720
490190184
961509649001349120
1248760078959861760
1103339268854951938
1248626151217487889
933738726706110465
1248609816827678721
4701542833
1248575923449999362
985516032
1248290324507774982
253524696
1248402580767735808
945870811
1248343981492260864
1247226234330898432
1248220342281265153
1248054785355456513
1248169628444000257
3014736262
1248128033992650752
502730221
2842551123
2832109033
1248041378631819264
1247993645791395840
1247988242026303488
339815790
727091870
1003595919936360449
1247894116530147332
1247804884721655815
4846453630
26989391
1246839405446389760
1205638581588496384
152456202
874344183309512704
1337436505
1247572092721287168
1100417856682905601
76393106
1247505479825330176
85594944
1236956227814514689
849941832033239041
1242103937806860289
1212153924473380864
1233104843872636928
1247381935883722752
1216064033276801026
2822529107
2829295577
1189884172837498882
2225184694
1227285816160006150
2941011753
1104075239049347072
70419881
1246903775564005380
1106877397696155648
1224423706350555143
1224832080430821376
135276242
1246711763783102464
1246702466810380289
3094577159
3459685815
726099405733019648
1246553384439742465
916718257524047872
1217646984137519110
1160078807568658433
387806951
1246160822348513282
1245421528440766464
857019480
1246110547243937794
3023533942
789948979
3247270169
1224749750014107648
1245809867161559040
1245803985111601153
1227046279764684800
2731855677
262027474
1245620139749281792
1240713800199872512
1245596230635282433
306831927
1596689029
365447340
1245482734581055490
1245466965084422146
1176576148907679745
1108122375495843840
2709931120
2192615043
195892134
28112223
341154306
1175857019242328065
2992688235
1197202351553236993
2545588213
707402042097209345
1245070230528888834
998210384
2758030679
1244996868465098752
1211306201671012353
1021442314785476608
1120830913292709888
45567516
518864187
1244741331433422851
781212223003820032
1142664449653977089
1244657346338586627
21853859
3423031833
1244554990817030145
4820625489
803293962836578305
1244529928059727873
1244516926409396224
1145412588811014145
1238588481686953986
1244359207555682304
853751326974627840
1244284770386935811
1243978285442387969
4866253919
1243865525882695680
1244194186804506625
1240320310060122115
2558543764
2788956422
1243237253612265473
1242834501178396672
1031662642396577792
1243920323453562885
1242763502529449991
1242423368256819207
703298419926941696
1243870439866318849
1570908751
1242508746804396040
1243860110142775301
1243851454298886144
1434172538
1236742812231753730
731166571452858368
278531805
908787894
290141042
1243658778081406978
1238839839262457858
1243071616151584768
1243597138015277063
3099474670
1349590854
1095582793814269952
953350927632732160
17681911
1237387719614935043
485899922
1225178285950279680
703738537
1235831977128816640
1242889912828952580
1143112659711254528
894021335441182721
1243225739438313472
315963019
1242436601692721154
1243185489257127937
226086207
1243168352475938817
879980506225537024
1239540112662450177
3404518888
631953430
1235287225669169152
1225652792
1242934780360101889
38143654
977268155818172416
1242570091805511680
2745930434
1242865243585421315
31382326
1184419683199574016
28968990
1242078748956135426
1239956374399995905
1242760220608204800
1242728484788674561
1242731217109254144
792760530696110080
1240578636610244612
1242133122793328640
3007863531
463953153
23201723
1111510701695066112
1007630645533736960
2510941199
1013406484921831433
2162377251
1235174576507715585
1242289541500661762
1240582235310391296
1059821714417373186
1242162586327678986
1242145687590010880
1242132485145874432
915682964671025154
914203986
1037866644
835612907165609984
137688170
32831175
1241308942145392640
78274846
2686128679
42494407
1241731346181087232
2394951564
68384274
1238933550025650176
1241650479144321024
4189170088
242063088
357493773
230685193
1240754939648978949
1230551438217998336
2833836388
1197198701019779072
77260044
1238198305630412800
62743684
2938853619
922963776
1101127623802011648
835022912394514433
3058951529
708386671235100672
1097319417061421057
1048290708371718144
2923598356
485647479
2730568510
1240710671236509698
1147376441564291072
863614195895599104
1127919451482017792
1237354206438326272
1184208114297528320
1239595165242753026
1214496854462935041
1240581387968811009
1240438559565320192
21083328
157779342
171487896
1741593752
116627701
1240258734821199874
1218871682804473857
1239641598608146439
187960581
1240195603516317696
395770470
1240188156269473803
1240181818097315840
2502825103
790606810583560197
1240067248565469190
1240052292184879104
386410173
1876281277
1240019180734332929
863514773580918785
1094665084113248258
1027952194593665024
386727343
2865581764
1239834888045461507
1074782644603420673
148521383
1239648460426575873
1220749365100281856
4019848852
1239236033331544066
1217360622964367360
168733767
715571862588272640
1239258618651906051
314707186
83088532
1239214288864231427
1027585847674187776
1222467145654730753
2860024013
1239226470096134145
1131221679995346946
1225911140540125184
1230730162448130048
1239177652738633734
1239165219982761985
3317370622
1239122285619011589
1229808872
3072781839
769894801017798658
968814625142837248
1229673196191985664
1066615646820204544
1631357774
42952731
1238944300504952832
14301347
1238915476086042629
36491749
2497687051
1227933228893458432
1238843193543864320
1238872777899343875
1238873880124633090
976013112
2941999199
2507131188
1075157116468510720
789953588
1238699517605826561
36345076
80837375
1236936045058457600
3345399311
108418278
1162306829101260800
1238542909542203393
1081077838604685312
1237698272732512256
522121058
246360323
1238352496776695809
2759908896
1238312258058563591
2736841131
1238258206356451328
1102837679165710336
1238175596640952322
974010335958065152
1161157370157969408
1088455979056787456
340399958
1235687103297699842
595363596
896124532590862336
1238019962922549248
48846964
589078027
1180813574207426560
2546144879
18778205
1235168708772982789
2761944778
1237862808970092547
126134279
1237828378847326208
472740215
1048750838
1198357075895689216
1210303910944137222
1237743261760065537
1229738439781888001
107698587
1086031191873146880
386436142
747956442921996288
399079020
945497653709766656
1237438180640555008
3004179448
1189884862364356610
1177657678157533186
1701682344
1197231435888889856
2628419087
2791474758
1218575863945539584
45537467
868368338711347200
1042790859463446528
47604035
1237089364569661446
814079574132879360
4257876401
637134195
401888782
985561762002079744
1234054845792911361
1185965645629923329
1147564932210352131
886984651922964481
1259650177
2168289639
847392467217375233
914022043670237184
4742396295
1225046799846604801
2396099815
1036652855753678849
112468013
943817462470135809
1961270522
1108743558163501056
787709435724517376
64539511
1236436898077380608
2324346351
932082674
2382625838
1236341298405179394
202166148
297457775
1234781465285726208
1236228535087493120
466676750
1235983566921703430
1236192188989612033
1226426254116737024
1184539108867215360
866102430
1113461917773959170
844122007
1235865516666806272
1236003844917800962
1235522033993371649
1235636288893718531
44568107
917104316653162496
1235839755146780672
1213851640777756675
1235524934954336261
21803061
1235698260989423616
107498641
1117175989132517376
1235575480520249347
1231356748252024832
957782968323530752
874390147017490432
1204284373882875904
467589331
1235266441127002112
1235313278097776645
2894574599
1235293230377447424
1235270357927460865
1231161090660282368
865096390975905794
1215621459974021121
1233820482497130498
1231208018743828481
1213507706486542336
1234856255832768512
384752374
3094086417
400964790
1234832825393852416
524192005
1657014960
3261070824
1234536184577175555
1207332157586317315
1220724180871716881
1234477714649776134
1089098266027933696
43234324
1233034031362707460
1234537084259532800
3172854382
1158539662199349249
341912573
4503266482
1227714682728919046
1222887539133992960
3039302764
1692146744
1229401709652381698
959950361007181824
1155971615341076480
454121023
1232742531621892096
523529621
815744731
1234118635775569921
1219301688734969866
1179112232040517632
1234064906711949316
1234055751380930560
1130347993893228544
849706346
552643046
1022079034572898304
1120293297191378944
927525498770649088
1035695774
1397501287
1233837245020463106
393993381
1199008272482754562
2691313637
43509768
1178561952626274305
1860553332
1233677701212405760
1233146894693609478
4848320060
1233525343945883650
734054286158639104
758253797630246913
1233489252710846464
835562802752409600
1228303210395394048
953128091924054016
32682201
939639818
1232002719063343110
1187397549692477440
837060344614903814
811315869984980992
1197128408058216455
211925617
1233069898479349760
1233058281817624577
930570161903501312
2319162679
834709340825149440
75638596
1195292532558589953
959454560619192320
1164159672082763777
846651405989392385
1232637686118260738
1232789205920735232
742102458537811968
83797148
1214810266904469504
1229198782048301057
1229418996652560384
84372993
1102187689162539008
726020717192556544
1185744950719328257
1232283815307022336
333095941
3958112595
1232232406607892480
1184015304038518784
475207447
1013321946
2279236485
20240777
1085829509109166081
194716440
715102780
1159356242588033025
1851981746
1230832518309568513
975381376882167809
1231596858167975937
310952516
1231467338001768449
1231405290266005504
1229181699835252736
883247556
2868864184
1569200156
72385615
1213116801644519431
1230824692451336195
743558905914101762
39989890
785874334564876288
117208193
1228975206909300736
2163863297
1214685524683874306
1219130536972771328
1218082707093303296
22763383
1214891764093464576
66453960
934420573312122880
56314947
361783315
1023163669105000449
1522501626
513552350
1229517760272764930
306328804
1230182806443171840
409093918
1154328491221049345
369143776
1219107461925228545
1205313829804085248
1216032774358032385
3361000035
1214301732966027264
1157699817516208128
1229860293431504902
290425378
1229849899178565640
1229839434234941442
1228800570447867914
1221114334081884160
155947599
1164274450424107009
1027493930840064000
2992192096
1229381681339076610
930739818824380416
432899539
1229119209390649344
1195683786891124736
1185545405058211840
747731945656811520
1219174903380873216
898569693245710336
22361715
1228875372101619713
1102629582904147969
983975456495063040
1228807394836320256
1228780323644887040
842090557
1013526407656497155
1225220449979813888
1098578371330617344
774614101137977344
711822640596566016
2185070415
137616565
1228305302916943875
1350215690
3053774457
39505623
1159631182776152064
1228292843279659011
886300386377781252
94118127
423325042
1125414934131687425
1226863013279535105
753538919522787328
2188290457
934758158
705468069406228480
1219201011073667073
1224936642106068992
14256397
1227686528744382470
358052924
1226880734427828226
1161589698789281792
3122234734
1227511571640963073
2422137163
1227543028291772416
1227369849938173952
31129038
48655571
1012289567901306880
153517098
338223886
1208408901500252161
40981411
1226941555178713089
561510048
84616236
732197411943251968
803376123858092032
53003749
54632115
1226793226163695616
1065561039809458176
1226275427519516677
1226590801452511232
2958970431
1221130208134168576
338324594
3364151085
1226535060511379456
3213643733
1150605922995200000
1216054416857583616
1226498135872212992
1226472863378681857
1226095871659474944
1125299851292487680
1220403191419895811
1161007799054282758
1181316281653514240
1127317259477757953
1214138850169118722
2452448893
1029766189961109505
1177227692892196866
1091051309388754945
501086329
1197439432628088832
1226044661594234880
1566414434
934922527150825472
1157732866438160386
1225912352027140097
2252408795
4832613682
632850912
1200457441718218753
1225766329606660096
1225367832348811265
470980594
420100653
1130810838116458497
2797840421
36193651
1225664845648785408
1225656011144302594
1225604761380171779
1225503745611587586
1225469172941049857
1225156952227041280
1114206251725074432
4904415521
35805773
1225428862437380096
1220002218730041346
1225420372700471300
603110314
1225348332454916096
1217845247608336385
1225192995995181056
985143446896807936
29238820
2402817482
1225130791509929984
1012396165923508224
1225044356400369664
464150663
1022437228461662211
1174655733910188032
966792774
1123521602124173313
1224745332703203331
1224722821886173185
761167561115443200
869843068081537024
19153412
14285123
742812361
330398843
1224601338887245826
400057194
907192995585327104
1176932121719562240
1212545178029805568
2196695253
1224102574971932673
938742755257409537
3044872467
1075277152537534464
876304292
28191161
1208745239726510080
1212375402078851074
1211590876318711808
1224225937576939520
1224215895309979650
35753293
880170912506687488
611092065
746989710531305472
896700732858134529
1182565676667551744
1018350270382772224
1224048108088315904
1224013160845365250
1087780226061488128
1223969216161886208
1221539816610914307
4818078959
1223931121303523328
28645172
1223873469886103554
4879654701
30643633
1223799747183546369
870385367136051201
1223716013214257158
1343010000
1109477772
1210961569846198273
87391434
901921784177586176
1223376910367055873
1223569403444371461
492267555
976028427454222337
119403566
33194193
218119139
2964890477
1221418020595171328
2441682307
1223335472061124611
4853521899
1222221412888387589
68622845
768426009465131008
1173883826012971008
153394773
1223254237725052928
1176917656412315648
1177135344371851265
64025936
1223177860543909889
1223179118763749376
1218548804741423109
1221688222012661760
631861885
1710712849
1222928942945927169
846086821188702208
1222913311496425472
1222612220581904384
1222879703935201285
2844829473
1222859465017450496
1138752668
1222818309999136769
1976230938
1066028727665070081
210572578
174413653
917545860203982850
948301609922162688
1222656412440047617
392159173
1222170034044358661
476134571
894604457475964928
89981730
1213121416570163200
1140922933965205504
1222479974386536448
1196729409866272768
1162500518029250560
82191206
505756953
1222413431908786176
1220026897888940034
1210582358065340417
1222257521764851714
1222209533851971598
3084631127
1222144330086977537
967320265821650944
17965393
1210892612774678529
1222104102563385344
286369896
216433880
956408344918536198
118151514
1220191754793693185
1449669582
1221928030152675328
1221904198125662215
34232243
464025867
465619400
204966318
2358458272
1220295370229649409
1221740213208338432
34338218
27452286
149484968
1217472694867898376
980849318772051970
906476656671559685
388448113
1112789911227285504
932243699148427264
1189765717702447105
342971374
799684526368665601
1050794192
1221481994959368192
469634133
87679453
1094172301996818433
856202664
1219959736986152960
703692884432834560
15023364
929746817541201921
314194022
710091820143919105
1689087343
194943460
1221152880310267906
1085147355840696320
1198981709800325121
17247765
116394228
1038154584118763520
37659356
62489855
1022017072488960000
2502712144
995313296294195200
1221001748489428993
3481236623
1220419941720973312
16995167
213571674
20810958
1187737246750916610
4263136222
902151443410497537
200890928
709865200397197313
1208916091566727168
390392699
1927362378
3295756660
826917614
768426373400715264
1097308696579854341
1220747479811002373
4927075996
1204511419703726080
14438763
775676528
4656350553
151932372
470569494
473914976
14285079
76547574
2771163567
1220489455833927680
26218496
196239217
1123293814108692480
825648672004243456
33466989
1219323117157388290
1219538865255518209
1215378889729609736
632412138
1326716731
817477906637144065
1197822586341728256
1220245621065551873
54718834
1089583008275984384
1220083746369671174
749231994
1220050394975481862
2946622889
1219951837937393664
397402917
3094719309
1219704190169206784
509243058
1219730612917063680
1349392472
984308540302135296
115357016
1216710019691032576
1039771897276375040
3208193577
1060066382
1116394341059178496
2477145975
1199889835454009344
24156636
1728666128
4260193702
1219283972208963584
2966056401
1418277846
882310135988846592
1179321863081738240
1181991382967291904
1219261844096860160
1219258933891735555
1189441387663638529
1189899832233730049
1211680352818778113
1166762183763615744
1217726459860615168
1209278210829144065
778811760
1219179180203614208
1219178894072348673
1182674761878511618
1120806407765237760
616432337
848075701
1118236496312532992
28333183
1139286173015334912
837531168
1218318869963603973
836159403728449536
1218606368430743553
1218607376489689088
73180473
1157779843192360960
1081519459322548227
209702619
1042459421446615040
42238438
1154820001028890627
1218215323297599490
1192753327504838658
1218091576305602560
932305582849175552
984861672950173696
1217965640029478912
1214914155930693632
2967682377
796581460786475010
768836599102763008
1150082926803128320
826848803315707904
576920612
968259269878517763
1172869128983654400
2726416863
220307207
1188928976611434497
1216618303688527872
969276967
1217484839215038466
1041791380258009088
1212135811832897536
227480472
718932155
1217198885057236992
1217475235399852032
1035630931791491074
785040270798819328
47292703
16203025
1217333769717407747
465080091
553830098
28098567
742732182247100422
594646773
624175053
29662127
1216082903391784966
214008528
2166083812
1217130267502137345
26191871
1187066028444000256
1217054578220380160
504992910
1216725015791575040
1217005503857012736
204728465
221885710
483825997
1211413940602753024
1216728278364577792
102973764
1216663139812618240
23227277
1216420521853751297
194042621
938030041023344640
1215050131575332866
473464432
826351206872256512
1216182778238328833
264976654
1216054041345740800
1216033108333678592
3915819496
1215926666578612230
1079444710064865280
344506561
1215872112415649792
55527811
232165034
1214643839564177409
1213985142961623040
281605521
1214599747807387648
3946456402
1205207821740064774
1167949993795342336
1213942967724957697
1215374326909808640
2697901423
1215282362709397504
261224454
102315256
1214907373481054209
1121715469134622720
19151270
91119657
1214262067219140609
1214999842042318849
1214999845762715648
841751874
1214984706024001536
2953576434
1082495822
1115568007185616897
565311647
1489708386
33477249
1214869328480354306
1069685054182432768
364745131
1214800616721178624
399442004
1207345022733049857
1214707597657460737
1213404954213281797
1068996040542617602
934532553008123904
1159229406352748544
768501214669598720
896461600424689665
1208475889496985600
247344442
1146512223247974402
289610582
1211532806930649088
33859007
2857627991
1619767424
521624306
19344099
1200180214778781696
1214306329315045377
1212132204546887680
1214266484362342400
1214279859024756736
1483740476
2719038615
2855224325
155588846
1548954534
1214166855209738243
241690957
1138477636144025602
917711638433796096
1214006693656350721
2393560101
1213937833058000896
92282576
98170226
1128400943723237376
1065347935645417474
1103331003282673664
1211262138204839936
1213803008221335552
427669706
1248280974
1196414113754296321
830158067044118529
1163504932038893568
3154684749
1213632341156847616
1590564888
1213536114021031936
14508640
1359432805
1213516022948323328
1213167334669479936
21757073
1213029527766499329
1213475652566863873
382846456
1213466634251161602
117064710
1213434891175546881
1162112544624054272
3403799045
1092825723256098816
2975319231
2157180153
1162015370112315394
532025879
30422161
1165947500450189312
4517651243
24869353
117720862
533556283
1186294453012750341
1318678604
1213147318674837504
39335482
250087624
1213131843022671872
1213112041101152261
1213089606997950464
1212995966845874176
267194536
1210527083044253701
1176611418247970818
1212816227569061888
1212808691222630401
775685426380214272
392694318
2815226139
1206945301203951618
1212441547888680960
1212479179578429440
818225182187855874
100431834
1212443913014763522
1459759950
113470377
1211274748992225281
710763247
1186732523818225665
1211997954053046273
1211962756510806016
1211809724594712576
85292815
1211735908996632576
1211631996964724736
2515161216
2469435761
974974494594027520
1211247061351329792
1026105222249308160
1211366428298792961
1211303317613105152
1205520354837442560
932352498702127104
48256529
1192930625155686400
273364486
1052424902
1158458449644179457
1210765478102065154
1210208862852268033
1188553065575731201
1210660098009419782
1164833194924920834
2710146855
2807792652
915280758310305792
1705289322
2970373744
1172906415444430849
216642924
1204152787245969408
1210356935964471298
626643158
1210226460973289472
28870388
1053894800829759488
93829537
345581620
1209230166855180289
1322074860
2506171157
269941072
28841390
129135663
1209631219073323015
467397015
1209600752919994370
980720572886855681
1191371025960841217
1082508749498212353
2421881177
2855451239
1209218218948276226
1130122527509024769
2446684790
3930584591
1078993594483175424
212962400
1208888933666447360
934769181819654145
1182313422739910656
1865131248
38926192
1204794157467930625
1208505085954863104
1181229793586626562
27429524
2875713558
954093453209718785
3193493424
1207764937466155013
1207762306110775297
38646317
1202920480820334592
3080440653
825334635559268352
1207419568072921090
1099999566680780801
1069839625
1207329623274672128
1206217038533971969
155893002
13994612
1207048521033158656
889901633852801024
267238107
949898287
2840127543
1206703150264180737
1184390641666666497
19200499
706773667
3082346383
399196136
71566285
1201151752927662080
281707965
1206541223156158464
1382814794
1183089598542602241
36596327
1139986067489206273
1184180144321302528
1204021379844255744
538239623
33179025
948648094614376449
1184840106357788674
886757323032727552
1205617090926972928
1899937987
1205493402059583488
14112897
137673795
254539503
968854923201974272
1188810183830659072
1204799205098831872
1202163241310474246
1190413644691116032
1180529447084187653
734668928526524417
993262330493448193
1203318671369818113
1204501822095970304
1204512278651002881
1182665906272559105
14283872
346338347
1204364197271941121
907514267548692481
583148946
726924689336049664
1273279082
1204106040838627328
60924119
941681689293705216
1204025881653600257
1204021603195068416
1204003161876451328
1113429528972529666
2801374167
948658178249646080
824160598103588871
1203387647881809922
607214019
1203244408621162496
1194541207529017344
1195962884741877760
72407408
20509099
1202895999926251521
1202856881213063169
1195703807042367488
2324440120
1199457597818114048
1201933817919000581
494813940
1202558058293059584
1165355019639709704
1027005495532511232
3324657449
981603364478832640
1202213773467107329
156005263
1144855487898365952
1180905814971834370
341484165
1200213938677469191
53924546
1180189655830007810
1201776016919797761
1201617159283195905
1336769340
111702288
595525349
1201436886184714240
921063588269314050
1198147228289908736
1010888724761251840
1201220661244551169
1085208116776652800
1200920085126434821
1201088461543034881
1191121799720910849
1200895508002291712
891942147624230912
1199404219255668736
851716994
1200690892186816512
1183031030644727810
1185223613680631808
1200461559941730310
1100299722743529472
1200086405457858560
1200023454004723712
1199948774258487296
1199894083382267904
769978537
911718148918972418
48103717
292347445
14517650
4897874063
1199676434341662722
498964808
249302490
919300699376242688
1199388037920280577
40189134
1127890457135124481
1031831846227771393
27829346
1198682415826386944
467568687
1170705600617037824
32934779
1196894929575915525
712998128
726475930835755008
2201633908
900111515205996549
1198277387613605888
1198244882890014720
1196118990214574082
1198179496526012419
1175164717305929729
3482137638
1197632048019759105
1197808662665928704
1197756959077883904
2765816854
1178909377891356672
1088151287718395905
1181956047877136392
1000509913708318720
1197427958308311040
1197429908231852032
952721644145070080
1068893751609892869
1140010004214403073
1197140833742606338
1110008430935175168
2187490305
397856210
1046539755025043456
714498375
1196872999049269248
1195391974540546050
1196801465014259712
570744313
1196696671868112897
83633635
56198735
1135936655435751429
1196527020680896512
1196063439871004673
1196491657937637378
1196389084006174720
210741474
1196264188647264256
1196216734233047041
1196191161507074048
422053936
1128586414176768000
1196123686962704385
840868495550218240
1196158151021793280
90215039
1034140419288952832
388881156
1092678376727502848
26784359
1070427736420823040
1195761724974149633
89056834
4640883377
4885614081
1082954560044445696
1195489751530430465
1145249024947216385
727405800168296448
1194312862820392960
702157851872071680
1195381428395134978
1165382838407106560
1181603398363336708
1168214712678588418
1195299815221010432
2566610447
239928211
3350739165
964881747593834496
2182168214
851351054
794271485649096704
192692605
1194920481591308288
1594702040
1073627301642948608
2526338188
1193616577503084544
1165951455746039808
1159764487928500224
1045292456802230272
1194433264410406913
2881731712
4364405003
162091408
789643599289937920
1194393676144922624
545312185
432292295
511707320
1194215031044476928
1194197028387131392
1193511540995055617
16556576
830397318125977600
251724244
83357870
602533697
1187751685613117440
1170444337987170304
1193679484173639681
1185671733472305152
92488845
2765974776
1080504332947202048
10082522
1193477433661501440
1193405416996257792
1191411835406372870
259257569
1192119033295966210
522212150
27214191
1059471286311809026
66303594
942392026255036416
61674236
1192552855514820608
1150167314060500992
1192479630701289472
1192178403191001089
1150142528487919617
505714862
1191842239632330757
3245229309
1192139116563042304
1192180173984141312
386725607
1192105153127763968
630610054
108861176
1167832281861386241
1126403458272256000
1404613250
1191966543619473411
1186995751118872577
1191814536636116993
1191623244937342976
1191622843580190720
1045932521500921856
1133995450091081728
885487878771494912
1509907334
28104451
3430013032
1149288648388612097
1183816293247602688
4697363652
1191475582070140928
960779117019975680
1063818572588302337
1184883471971434496
1191311221103960064
1191234678214332416
327712673
2999721648
883921728
978975311827124224
1191047420181983233
1140308084537139201
3297747153
1190963328711057408
1185514744746250240
92068643
1174652613616394241
186002972
1190674624746606594
1166520741933699072
1432238647
1083084483321049088
922081137731821568
2490959038
2775891832
1091728707818016768
2933352585
1189145258564698112
709049906716151808
14586870
763920405329391616
947221848034562052
429369995
264824548
1160112114167623680
1189477398418509825
1027202116534841344
1180945383826034699
905930897672810497
1185455867421962240
1162643153062641665
1187388616001163264
14412788
1189178751566827520
1623029527
1134909879859236864
1188757755424858113
1185290496236773378
1153749233410936832
72578677
555921987
429902125
1138113402084233216
